Number_of_Instances_In_Current_Batch: 4

Inst_Index:101 	 City_Num:200 	 Concorde:22.072455 	 MCTS:22.040920 Improve:0.031536 	 Time:16.10 Seconds
Solution: 1 179 139 54 11 44 57 36 20 127 143 40 193 23 102 133 168 172 177 170 60 80 114 12 146 183 174 66 33 191 81 175 169 129 101 153 130 152 35 79 158 104 123 100 30 162 37 34 136 38 115 50 65 5 83 21 94 55 67 149 197 157 141 63 41 10 185 47 163 131 42 125 111 9 19 200 112 74 110 132 103 156 91 46 107 181 89 87 147 76 106 122 108 98 199 176 155 154 99 16 2 126 173 22 73 77 184 96 82 182 198 27 97 62 189 134 92 148 32 142 194 90 26 18 8 124 28 72 69 78 117 166 187 150 48 51 29 160 31 85 138 144 137 165 109 190 70 52 135 151 178 120 71 195 180 45 118 53 56 192 86 128 59 64 14 164 75 49 95 167 15 88 7 116 84 17 4 3 93 105 24 39 121 43 6 58 140 25 159 161 68 186 113 145 61 119 196 13 188 171 

Inst_Index:102 	 City_Num:200 	 Concorde:21.779919 	 MCTS:21.788901 Improve:-0.008982 	 Time:16.11 Seconds
Solution: 1 35 92 80 108 94 16 9 82 182 188 45 110 26 172 38 84 187 125 22 89 67 118 193 19 18 25 185 15 171 5 12 88 109 56 75 78 152 27 58 191 156 96 112 199 160 147 111 104 103 200 62 52 54 101 14 121 39 117 79 190 43 184 66 76 157 6 179 36 149 44 189 142 65 48 32 132 195 167 61 13 106 194 196 24 159 141 133 169 4 69 122 98 53 161 177 21 31 144 165 148 113 28 140 134 173 74 59 155 68 174 136 64 73 127 46 17 33 114 170 11 151 87 115 8 57 197 168 81 50 55 186 95 137 42 146 102 34 138 124 176 145 71 41 49 2 183 30 70 10 135 85 91 192 143 20 105 162 90 99 158 126 37 29 63 107 72 129 77 163 130 86 40 3 175 60 153 150 198 93 83 97 181 154 180 178 23 128 119 116 164 166 120 7 123 131 51 100 139 47 

Inst_Index:103 	 City_Num:200 	 Concorde:21.259594 	 MCTS:21.236460 Improve:0.023134 	 Time:16.07 Seconds
Solution: 1 56 6 20 32 78 51 127 10 49 24 31 131 14 122 184 179 25 13 65 16 84 187 68 98 47 199 193 60 118 162 107 36 97 61 70 116 149 46 59 198 112 139 109 143 40 168 2 11 71 113 99 28 130 39 158 30 141 129 26 95 44 154 151 147 197 5 75 117 170 164 88 52 22 105 82 54 111 125 37 178 173 138 90 163 132 33 96 77 42 181 137 133 140 86 115 114 190 124 182 172 67 121 156 21 23 41 57 191 192 106 18 188 171 81 104 110 128 63 62 196 189 83 102 29 148 186 74 80 157 38 93 15 123 94 79 7 43 92 48 195 72 8 200 45 73 165 3 69 146 100 34 9 185 159 183 153 126 144 66 176 85 89 166 161 76 160 55 53 17 136 4 50 152 58 12 169 180 134 174 19 27 145 119 87 103 194 155 167 142 135 35 120 150 64 108 175 91 101 177 

Inst_Index:104 	 City_Num:200 	 Concorde:20.941153 	 MCTS:20.947246 Improve:-0.006092 	 Time:16.10 Seconds
Solution: 1 2 169 178 61 135 29 113 133 97 77 173 86 168 104 128 58 15 122 102 11 13 19 95 134 158 47 40 63 191 115 129 8 6 100 25 26 49 156 56 193 31 60 75 52 162 145 144 141 153 51 88 101 109 12 16 186 180 177 81 110 41 34 23 69 146 74 35 195 72 120 55 103 148 67 59 150 183 140 176 167 152 68 89 163 166 82 175 9 170 78 159 46 112 39 91 10 84 190 24 62 182 197 196 106 21 116 83 132 33 17 171 20 71 181 4 57 174 192 45 90 66 70 165 127 80 199 7 111 108 54 121 94 126 79 185 139 117 119 85 76 147 98 138 118 143 64 179 53 27 87 5 99 187 172 107 32 188 151 38 37 73 124 155 154 198 28 30 22 14 131 93 42 157 149 137 105 164 142 161 43 18 92 194 3 114 123 136 189 48 200 36 96 184 130 125 50 160 44 65 


Index_In_Batch: 25, Avg_Concorde_Distance: 21.513280 Avg_MCTS_Distance: 21.503381 Avg_Gap: -0.000453 Total_Time: 65.55 Seconds 
 Beat_Best_Known_Times: 2 Match_Best_Known_Times: 0 Miss_Best_Known_Times: 2 
