Number_of_Instances_In_Current_Batch: 4

Inst_Index:61 	 City_Num:200 	 Concorde:21.146939 	 MCTS:21.203649 Improve:-0.056710 	 Time:16.02 Seconds
Solution: 1 133 93 92 30 114 176 19 147 120 192 2 31 167 132 105 25 170 174 95 158 7 178 194 54 144 76 135 125 86 56 65 6 182 67 177 15 78 152 116 43 38 49 52 161 61 126 134 98 109 24 75 62 180 45 46 119 136 122 172 190 50 91 181 40 77 171 51 166 33 186 198 29 184 110 70 8 68 23 89 99 156 44 12 153 37 28 11 157 107 187 35 81 63 185 112 127 141 14 188 69 104 155 159 162 164 41 139 195 66 128 17 179 39 169 72 154 57 150 73 42 113 193 21 196 47 83 138 163 34 16 111 100 82 59 165 191 108 85 94 53 80 103 4 121 3 115 97 88 22 106 130 27 118 145 137 32 74 173 168 149 58 129 148 13 60 96 71 123 9 5 64 146 131 189 175 36 87 26 140 20 102 117 151 84 124 90 143 79 200 160 48 183 142 199 10 197 101 55 18 

Inst_Index:62 	 City_Num:200 	 Concorde:20.901520 	 MCTS:20.889889 Improve:0.011630 	 Time:16.07 Seconds
Solution: 1 69 190 47 141 157 17 142 53 30 52 170 106 133 46 124 79 116 178 33 161 66 55 56 9 189 62 151 50 121 86 114 12 70 181 102 188 99 63 73 147 125 61 171 127 152 49 113 28 129 163 112 135 191 97 80 101 120 184 32 48 197 57 16 3 130 187 177 131 8 51 6 150 10 19 64 169 136 165 145 31 198 173 90 109 38 36 39 182 144 77 111 146 78 44 37 196 20 108 148 18 23 83 60 7 27 123 115 168 2 100 76 200 154 42 22 75 26 193 194 72 91 199 139 185 41 179 122 93 159 156 143 21 176 140 132 104 74 107 128 174 58 15 88 92 67 166 14 13 94 153 186 172 117 68 158 119 180 110 175 45 87 35 162 98 96 82 71 4 105 126 160 118 81 24 138 89 43 164 183 54 149 155 167 40 29 84 95 59 192 11 137 134 65 34 103 85 25 195 5 

Inst_Index:63 	 City_Num:200 	 Concorde:21.386578 	 MCTS:21.393165 Improve:-0.006586 	 Time:16.03 Seconds
Solution: 1 84 115 80 143 156 69 139 15 11 149 4 175 179 199 8 130 65 35 133 7 123 178 126 148 85 141 155 193 116 75 50 152 138 196 56 34 97 197 49 154 9 169 19 191 185 103 129 190 25 112 45 33 31 54 76 192 82 113 55 99 105 63 187 57 83 14 66 158 163 43 94 24 176 92 91 18 177 70 161 119 48 134 32 52 132 22 29 136 46 86 162 90 109 95 6 145 168 64 189 170 28 184 37 166 16 150 160 107 137 167 42 20 104 13 30 81 26 128 5 62 39 98 181 188 60 146 78 172 41 87 198 93 114 67 74 186 2 47 100 88 61 51 125 180 10 106 120 96 157 131 183 40 118 59 77 38 36 140 173 142 153 23 17 68 44 124 3 21 117 102 71 73 147 195 164 12 151 182 159 89 174 72 135 144 53 108 194 111 171 110 101 79 122 200 165 27 121 127 58 

Inst_Index:64 	 City_Num:200 	 Concorde:21.164600 	 MCTS:21.173568 Improve:-0.008967 	 Time:16.02 Seconds
Solution: 1 78 70 150 100 4 174 112 146 188 195 145 134 104 166 58 151 81 109 133 164 76 117 6 115 41 98 52 35 61 107 19 180 163 26 129 48 121 179 196 101 198 21 65 71 40 119 189 148 176 153 16 9 183 131 110 29 99 17 57 193 162 144 149 141 156 114 15 199 181 187 169 105 125 7 191 89 177 185 47 84 10 49 30 192 46 72 139 154 31 36 80 75 79 37 22 152 56 25 13 157 158 87 137 11 51 186 160 173 32 197 82 113 54 147 63 93 83 91 77 111 66 55 86 140 118 184 8 18 95 69 124 12 123 175 67 135 33 122 159 167 24 126 28 161 92 182 97 171 108 90 45 42 120 136 172 165 53 102 14 38 43 128 132 94 27 127 20 74 143 130 106 68 142 178 190 96 34 39 73 168 200 50 64 170 44 23 2 155 88 138 103 59 3 116 194 85 62 5 60 


Index_In_Batch: 15, Avg_Concorde_Distance: 21.149909 Avg_MCTS_Distance: 21.165068 Avg_Gap: 0.000714 Total_Time: 66.22 Seconds 
 Beat_Best_Known_Times: 1 Match_Best_Known_Times: 0 Miss_Best_Known_Times: 3 
