Number_of_Instances_In_Current_Batch: 4

Inst_Index:89 	 City_Num:200 	 Concorde:21.405636 	 MCTS:21.486542 Improve:-0.080906 	 Time:16.03 Seconds
Solution: 1 119 165 68 186 99 65 185 97 140 90 37 164 146 51 88 175 15 42 179 72 66 98 106 176 107 110 189 47 95 67 16 84 197 33 134 181 111 92 150 44 184 100 116 155 6 162 50 49 196 80 153 76 161 17 27 8 105 177 200 78 199 94 38 18 41 120 87 64 160 114 178 59 34 91 56 86 170 128 21 81 122 11 152 23 25 5 26 89 63 4 30 55 168 141 127 190 126 198 191 58 3 163 118 188 183 85 133 115 195 61 102 19 70 45 28 13 135 174 137 32 14 104 36 53 130 149 171 148 129 125 136 124 93 154 109 2 142 82 54 157 193 145 158 131 10 74 9 77 103 143 20 60 113 138 187 159 62 12 117 101 43 40 147 46 169 151 182 167 52 79 48 172 123 31 39 121 156 132 75 57 96 22 144 180 173 7 166 108 24 194 139 83 112 192 71 69 35 29 73 

Inst_Index:90 	 City_Num:200 	 Concorde:20.842458 	 MCTS:20.799416 Improve:0.043043 	 Time:16.03 Seconds
Solution: 1 141 32 73 185 16 96 42 126 144 150 65 18 108 28 90 136 200 114 132 84 13 72 86 172 121 33 123 190 15 22 49 134 192 37 103 179 57 139 178 199 198 39 183 59 92 125 164 93 66 89 151 88 165 118 196 46 34 122 189 147 79 116 61 44 161 137 169 51 115 75 31 91 47 50 97 27 182 23 104 55 25 17 171 70 159 69 163 127 98 48 154 12 21 107 146 155 38 101 4 99 170 111 106 158 145 53 83 166 52 168 78 124 156 29 62 60 74 142 184 113 148 41 162 24 197 167 194 67 45 152 174 173 191 149 9 140 85 71 112 3 68 87 6 100 181 7 102 188 138 157 117 63 26 177 20 133 2 175 19 54 153 11 76 109 143 40 77 176 56 36 35 193 30 186 5 131 180 82 64 10 95 105 129 80 160 14 120 119 128 195 8 130 135 43 94 58 187 110 81 

Inst_Index:91 	 City_Num:200 	 Concorde:21.829598 	 MCTS:21.839714 Improve:-0.010116 	 Time:16.01 Seconds
Solution: 1 113 151 117 196 38 141 116 192 160 37 54 169 156 186 74 27 177 149 21 145 43 24 22 168 16 154 34 20 167 170 25 112 84 135 67 125 55 2 142 153 10 115 137 105 80 178 98 15 85 108 102 132 179 128 64 28 6 44 41 46 42 187 163 3 78 136 184 91 107 181 174 4 94 14 89 88 155 59 72 171 23 161 146 164 134 61 71 159 114 172 176 7 123 133 87 11 122 30 68 53 173 18 97 111 75 158 93 50 143 195 103 121 31 83 126 81 185 140 99 166 130 56 152 35 119 193 90 127 66 60 19 32 96 58 110 124 183 47 62 95 148 139 194 191 157 100 165 190 73 150 39 106 131 65 13 33 82 63 40 92 49 188 197 175 129 162 200 51 101 26 182 79 8 70 48 5 138 9 189 180 52 147 69 120 86 29 199 104 12 77 118 76 144 109 36 57 17 198 45 

Inst_Index:92 	 City_Num:200 	 Concorde:21.025036 	 MCTS:21.067826 Improve:-0.042791 	 Time:16.10 Seconds
Solution: 1 32 138 82 182 172 46 161 74 60 37 158 134 142 116 171 163 102 55 121 174 99 50 194 3 25 2 165 177 179 141 148 133 167 9 83 152 184 190 149 77 156 54 132 93 49 153 109 191 196 126 44 175 105 63 22 135 87 122 23 29 125 168 11 170 123 16 111 118 71 4 27 36 39 7 48 181 192 90 199 62 21 131 45 51 145 5 24 100 128 47 113 70 124 120 33 38 114 189 41 107 67 65 72 154 89 80 144 6 106 98 185 155 195 85 200 10 101 30 112 127 129 187 13 150 68 31 73 160 95 197 34 92 28 52 15 178 42 53 76 151 69 59 12 40 81 79 26 173 97 18 61 176 56 186 57 14 130 193 78 164 139 162 108 115 19 88 146 8 183 166 169 157 180 17 66 110 188 103 75 58 43 136 20 137 96 140 159 143 91 86 35 147 198 117 64 119 84 94 104 


Index_In_Batch: 22, Avg_Concorde_Distance: 21.275682 Avg_MCTS_Distance: 21.298375 Avg_Gap: 0.001053 Total_Time: 65.11 Seconds 
 Beat_Best_Known_Times: 1 Match_Best_Known_Times: 0 Miss_Best_Known_Times: 3 
