Number_of_Instances_In_Current_Batch: 4

Inst_Index:1 	 City_Num:200 	 Concorde:21.593119 	 MCTS:21.676498 Improve:-0.083379 	 Time:16.06 Seconds
Solution: 1 69 153 39 113 59 170 108 21 93 136 115 155 122 73 127 135 198 30 64 157 158 72 99 70 22 145 172 199 6 84 71 125 183 186 75 112 182 111 173 17 190 165 149 67 98 110 89 116 131 18 12 51 104 191 79 63 195 102 80 105 197 176 159 194 166 130 101 41 52 124 185 19 142 147 192 36 140 90 92 7 65 184 55 25 48 160 141 23 109 4 151 88 154 188 94 74 106 60 2 119 97 150 161 117 45 162 156 81 163 187 200 114 34 43 58 37 14 103 35 95 96 46 86 10 178 143 129 168 134 196 32 138 85 44 171 11 169 13 120 54 87 144 66 137 180 42 193 148 177 78 132 9 146 123 152 83 91 61 40 82 179 62 107 49 8 133 31 28 175 57 15 47 53 24 56 50 33 189 76 27 164 128 118 181 100 68 77 139 126 26 29 121 38 5 174 167 3 16 20 

Inst_Index:2 	 City_Num:200 	 Concorde:20.630109 	 MCTS:20.604385 Improve:0.025724 	 Time:16.02 Seconds
Solution: 1 99 25 192 37 51 149 7 50 148 54 71 189 92 29 11 20 132 182 98 109 74 180 184 133 68 152 30 72 114 58 194 9 173 47 91 111 8 163 38 169 61 129 136 62 160 79 151 59 23 179 4 31 49 5 171 2 166 168 93 200 170 42 103 188 95 187 123 78 139 94 126 45 183 140 48 34 128 60 105 80 172 165 57 73 118 55 19 89 39 14 102 35 12 119 121 150 174 27 112 104 100 84 86 90 143 195 117 22 158 24 82 144 63 13 33 66 161 53 56 138 135 197 125 113 153 43 110 32 141 18 142 88 137 186 131 81 83 106 15 198 76 156 16 17 64 164 101 130 6 175 124 69 87 199 44 185 107 127 147 52 146 36 97 75 159 196 191 40 41 120 190 28 115 96 21 85 67 162 157 46 122 181 134 77 177 65 178 116 167 26 176 108 145 155 70 3 10 193 154 

Inst_Index:3 	 City_Num:200 	 Concorde:21.490173 	 MCTS:21.478302 Improve:0.011871 	 Time:16.08 Seconds
Solution: 1 148 94 7 130 18 199 128 151 139 170 157 40 88 164 48 28 97 42 41 52 181 86 133 193 141 155 178 120 135 59 58 161 114 176 106 95 191 38 168 134 152 119 12 146 64 147 115 76 154 159 92 124 172 29 104 16 153 188 110 177 21 101 198 13 3 9 79 74 80 158 103 45 140 182 71 46 39 2 184 37 49 62 36 189 57 23 118 171 112 156 121 183 150 174 10 132 55 4 20 65 81 123 163 22 30 50 73 98 190 197 129 87 56 166 66 180 187 126 89 8 105 145 107 43 78 179 113 33 131 196 136 6 54 108 17 109 51 162 19 111 24 82 192 100 15 69 143 77 61 96 186 149 144 195 35 102 165 175 11 60 167 116 93 137 31 142 32 47 68 85 14 160 200 84 26 72 91 138 5 173 44 127 25 27 185 70 194 90 125 34 99 53 83 169 63 67 122 117 75 

Inst_Index:4 	 City_Num:200 	 Concorde:21.496334 	 MCTS:21.695736 Improve:-0.199401 	 Time:16.02 Seconds
Solution: 1 111 119 200 3 93 70 85 79 98 189 161 63 10 120 34 42 52 157 128 185 142 68 172 159 32 162 196 102 150 166 197 43 92 144 110 146 5 94 183 84 2 103 160 122 96 57 186 171 95 58 22 78 37 100 149 104 19 91 164 54 154 117 66 35 60 82 40 24 148 179 50 7 15 124 151 81 143 114 46 191 167 193 36 165 47 127 28 64 192 73 115 177 138 130 155 44 21 56 27 41 194 39 141 61 129 134 99 59 33 168 176 153 195 187 182 8 16 77 69 105 72 20 199 136 26 48 131 175 108 83 51 132 75 53 89 118 198 156 12 147 109 163 9 76 170 45 106 13 11 112 80 152 62 158 67 74 18 190 174 65 133 188 181 184 125 6 4 97 137 101 135 25 31 140 107 139 123 86 71 180 30 145 88 173 169 38 90 23 126 55 29 113 49 87 17 116 178 121 14 


Index_In_Batch: 0, Avg_Concorde_Distance: 21.302434 Avg_MCTS_Distance: 21.363730 Avg_Gap: 0.002835 Total_Time: 65.74 Seconds 
 Beat_Best_Known_Times: 2 Match_Best_Known_Times: 0 Miss_Best_Known_Times: 2 
