Number_of_Instances_In_Current_Batch: 4

Inst_Index:117 	 City_Num:200 	 Concorde:21.816725 	 MCTS:21.843277 Improve:-0.026552 	 Time:16.20 Seconds
Solution: 1 173 17 5 66 77 129 10 101 170 157 147 16 44 6 86 171 177 174 145 73 42 175 60 120 127 122 141 181 113 183 103 116 12 89 164 43 90 197 18 104 143 55 64 71 37 32 56 14 121 26 13 109 184 119 84 100 11 62 176 20 132 61 146 152 33 81 179 111 79 191 154 117 160 59 178 165 195 15 99 159 72 156 123 69 102 166 114 68 182 130 28 41 92 153 167 88 7 196 112 51 82 95 188 65 74 105 134 148 193 125 137 186 47 93 138 190 189 133 4 31 162 180 161 172 192 21 97 23 96 19 25 106 48 2 142 168 39 45 194 38 30 63 140 49 144 8 118 75 135 67 85 151 163 9 94 80 76 52 150 108 126 29 149 34 187 136 185 98 200 107 115 57 40 110 3 139 83 169 70 36 24 158 58 131 155 87 35 50 46 124 22 198 128 91 78 27 54 53 199 

Inst_Index:118 	 City_Num:200 	 Concorde:21.291851 	 MCTS:21.378928 Improve:-0.087076 	 Time:16.10 Seconds
Solution: 1 186 189 176 112 170 178 145 115 109 88 70 136 195 143 173 199 67 55 146 152 175 16 25 133 131 147 9 172 134 135 113 185 91 13 12 45 180 200 93 97 177 104 162 101 100 171 95 118 188 76 28 190 90 29 50 71 168 125 62 184 5 127 164 121 52 160 74 138 7 120 33 114 72 75 8 167 182 4 51 82 83 10 59 165 148 191 68 73 181 161 15 43 179 61 23 41 65 49 30 36 197 144 105 85 158 89 20 156 192 94 79 123 107 17 124 58 108 119 98 141 24 128 26 35 31 63 149 14 150 99 102 34 151 84 47 22 153 66 48 46 86 53 103 139 196 54 159 132 155 116 2 111 11 174 6 130 38 157 56 96 64 57 81 37 27 163 106 169 92 193 78 187 69 21 44 137 80 110 32 183 77 117 3 194 140 19 142 40 166 42 18 87 60 154 122 198 126 39 129 

Inst_Index:119 	 City_Num:200 	 Concorde:21.242154 	 MCTS:21.232541 Improve:0.009612 	 Time:16.05 Seconds
Solution: 1 42 131 68 46 36 157 87 166 60 82 99 48 104 132 85 198 5 98 25 129 50 134 65 182 92 117 24 126 161 15 186 130 174 71 22 73 148 119 12 103 124 77 135 133 194 54 200 154 91 19 6 199 67 75 167 100 188 47 122 196 175 34 189 52 28 93 37 123 162 138 94 26 150 176 63 171 136 9 66 64 13 115 118 169 113 195 55 112 106 145 43 116 29 192 181 78 146 110 58 193 170 7 20 173 61 30 32 2 72 180 96 109 197 141 23 89 101 152 57 143 158 164 179 105 159 49 163 18 81 69 70 185 31 41 40 121 95 153 44 8 45 62 137 27 127 35 140 125 183 17 51 38 86 184 97 107 3 90 128 10 139 120 11 21 168 16 178 187 80 160 83 108 79 177 76 144 53 74 151 156 142 190 155 39 149 14 4 56 172 102 84 59 114 191 147 111 165 33 88 

Inst_Index:120 	 City_Num:200 	 Concorde:20.710116 	 MCTS:20.731713 Improve:-0.021597 	 Time:16.06 Seconds
Solution: 1 190 156 43 164 198 142 131 76 141 46 22 179 93 78 114 109 153 152 177 2 135 149 55 104 56 13 196 87 184 19 63 185 96 25 181 17 112 191 82 95 88 27 42 71 32 125 94 110 37 36 145 126 118 40 45 168 61 123 183 51 10 136 169 180 47 124 68 117 148 138 97 84 29 20 102 50 18 5 178 106 4 105 38 189 137 35 144 121 161 60 7 133 107 170 26 80 14 134 3 81 187 33 79 113 74 54 57 146 160 21 100 62 73 188 48 85 151 108 72 171 103 98 23 192 65 89 59 52 86 197 159 186 9 24 15 132 176 162 92 147 115 154 75 200 143 157 41 182 53 193 165 194 16 91 119 199 6 11 31 163 195 139 130 173 70 83 166 90 158 49 28 120 122 129 30 58 150 127 116 172 67 8 66 101 174 175 155 34 128 111 99 167 44 39 77 69 12 140 64 


Index_In_Batch: 29, Avg_Concorde_Distance: 21.265212 Avg_MCTS_Distance: 21.296615 Avg_Gap: 0.001474 Total_Time: 65.74 Seconds 
 Beat_Best_Known_Times: 1 Match_Best_Known_Times: 0 Miss_Best_Known_Times: 3 
