Number_of_Instances_In_Current_Batch: 4

Inst_Index:101 	 City_Num:200 	 Concorde:22.072455 	 MCTS:22.040920 Improve:0.031536 	 Time:16.02 Seconds
Solution: 1 179 139 54 11 44 57 36 20 127 143 40 193 23 102 133 168 172 177 170 60 80 114 12 146 183 174 66 33 191 81 175 169 129 101 153 130 152 35 79 158 104 123 100 30 162 37 34 136 38 115 50 65 5 83 21 94 55 67 149 197 157 141 63 41 10 185 47 163 131 42 125 111 9 19 200 112 74 110 132 103 156 91 46 107 181 89 87 147 76 106 122 108 98 199 176 155 154 99 16 2 126 173 22 73 77 184 96 82 182 198 27 97 62 189 134 92 148 32 142 194 90 26 18 8 124 28 72 69 78 117 166 187 150 48 51 29 160 31 85 138 144 137 165 109 190 70 52 135 151 178 120 71 195 180 45 118 53 56 192 86 128 59 64 14 164 75 49 95 167 15 88 7 116 84 17 4 3 93 105 24 39 121 43 6 58 140 25 159 161 68 186 113 145 61 119 196 13 188 171 

Inst_Index:102 	 City_Num:200 	 Concorde:21.779919 	 MCTS:21.826399 Improve:-0.046480 	 Time:16.04 Seconds
Solution: 1 35 92 80 108 94 9 82 182 188 45 110 26 172 38 84 187 125 22 89 67 118 193 19 18 25 185 15 171 5 12 88 109 56 75 78 152 27 58 191 156 96 112 199 160 147 111 104 103 200 62 52 54 101 14 121 39 117 79 190 43 184 66 76 157 6 179 36 149 44 189 142 65 48 32 132 195 167 61 13 106 196 194 24 159 141 133 169 4 69 122 98 53 161 177 21 31 144 165 148 113 28 140 134 173 74 59 155 68 174 136 64 73 102 34 146 95 50 186 55 197 168 81 137 42 127 46 17 33 114 170 11 151 87 115 8 57 29 37 126 158 99 90 145 71 41 176 138 124 49 2 16 183 30 70 10 135 85 91 192 143 20 105 162 63 107 72 129 77 163 130 86 40 3 175 60 153 150 198 93 83 97 181 154 180 178 23 128 119 116 164 166 120 7 123 131 51 100 139 47 

Inst_Index:103 	 City_Num:200 	 Concorde:21.259594 	 MCTS:21.235712 Improve:0.023882 	 Time:16.02 Seconds
Solution: 1 177 101 91 175 108 64 150 120 35 135 142 167 155 194 119 87 103 169 12 58 152 50 180 134 27 145 19 174 127 10 4 136 17 53 55 160 76 161 166 89 85 176 66 144 126 153 183 159 185 9 34 100 146 69 3 165 73 45 200 8 72 195 48 92 43 7 79 94 123 15 93 38 157 80 74 186 148 29 102 83 189 196 62 63 128 110 104 81 171 188 18 106 192 191 57 41 23 21 156 121 67 172 182 124 190 114 115 86 140 133 137 181 42 77 96 33 132 163 90 138 173 178 37 125 111 54 82 105 22 52 88 164 170 117 75 5 197 147 151 154 44 95 26 129 141 30 158 39 130 28 99 113 71 11 2 168 40 143 109 139 112 198 59 46 149 116 70 61 97 36 107 162 118 60 193 199 47 98 68 187 84 16 65 13 25 179 184 122 14 131 31 24 49 51 78 32 20 6 56 

Inst_Index:104 	 City_Num:200 	 Concorde:20.941153 	 MCTS:20.947246 Improve:-0.006092 	 Time:16.20 Seconds
Solution: 1 65 44 160 50 125 130 184 96 36 200 48 189 136 123 114 3 194 92 18 43 161 142 164 105 137 149 157 42 93 131 14 22 30 28 198 154 155 124 73 37 38 151 188 32 107 172 187 99 5 87 27 53 179 64 143 118 138 98 147 76 85 119 117 139 185 79 126 94 121 54 108 111 7 199 80 127 165 70 66 90 45 192 174 57 4 181 71 20 171 17 33 132 83 116 21 106 196 197 182 62 24 190 84 10 91 39 112 46 159 78 170 9 175 82 166 163 89 68 152 167 176 140 183 150 59 67 148 103 55 120 72 195 35 74 146 69 23 34 41 110 81 177 180 186 16 12 109 101 88 51 153 141 144 145 162 52 75 60 31 193 56 156 49 26 25 100 6 8 129 115 191 63 40 47 158 134 95 19 13 11 102 122 15 58 128 104 168 86 173 77 97 133 113 29 135 61 178 169 2 


Index_In_Batch: 25, Avg_Concorde_Distance: 21.513280 Avg_MCTS_Distance: 21.512569 Avg_Gap: -0.000032 Total_Time: 66.20 Seconds 
 Beat_Best_Known_Times: 2 Match_Best_Known_Times: 0 Miss_Best_Known_Times: 2 
