Number_of_Instances_In_Current_Batch: 4

Inst_Index:109 	 City_Num:200 	 Concorde:20.991716 	 MCTS:20.955955 Improve:0.035761 	 Time:16.03 Seconds
Solution: 1 183 81 188 22 78 117 167 30 64 177 168 112 51 5 153 142 176 74 106 164 24 185 109 82 12 80 28 184 71 31 57 55 146 34 89 196 182 62 86 85 134 131 139 10 13 37 165 155 90 87 141 3 40 105 43 193 73 69 101 120 124 15 148 147 7 38 76 19 52 189 154 32 77 9 166 199 65 119 23 116 159 21 149 11 6 18 79 54 84 44 125 200 100 45 108 83 70 162 118 192 8 35 88 179 150 50 195 130 156 41 33 110 96 128 132 61 25 181 14 197 114 170 143 97 157 91 173 99 94 144 98 48 26 111 180 46 129 29 172 171 175 138 59 67 178 39 20 104 122 137 42 103 136 72 169 191 194 92 58 47 113 152 161 63 133 127 17 95 198 60 107 93 121 174 163 68 126 158 145 135 190 187 160 115 16 36 53 75 140 66 4 151 56 2 186 49 123 27 102 

Inst_Index:110 	 City_Num:200 	 Concorde:22.225161 	 MCTS:22.230333 Improve:-0.005172 	 Time:16.06 Seconds
Solution: 1 145 56 132 129 109 42 166 151 85 53 194 155 102 61 10 120 47 169 184 186 24 81 94 138 14 62 97 71 22 50 15 44 146 196 141 68 96 185 54 5 147 58 37 38 193 4 136 57 90 104 142 187 182 2 36 168 28 131 12 29 30 134 72 149 164 176 127 117 39 49 107 101 200 143 77 126 91 137 139 159 3 40 46 84 192 157 112 88 92 153 170 65 27 78 148 79 156 7 179 11 178 105 8 21 177 195 18 20 41 150 64 123 59 98 23 124 86 173 116 75 108 154 73 17 74 93 118 43 122 55 197 180 89 171 111 162 103 76 51 82 114 130 52 67 32 106 181 140 165 6 13 199 95 26 100 189 152 167 158 9 60 190 63 113 16 45 183 174 25 19 128 125 33 66 161 34 160 48 133 69 70 83 135 119 198 31 110 99 163 144 172 35 80 191 87 121 188 115 175 

Inst_Index:111 	 City_Num:200 	 Concorde:21.160793 	 MCTS:21.155720 Improve:0.005073 	 Time:16.05 Seconds
Solution: 1 54 67 74 65 39 64 91 161 53 17 89 77 50 6 136 111 27 52 88 146 33 199 86 141 35 191 152 170 178 132 126 12 163 143 2 97 133 32 14 92 102 162 113 137 149 140 3 104 66 25 109 144 29 117 121 8 75 116 183 23 59 184 61 46 37 68 188 83 26 159 131 160 177 130 22 90 110 175 58 169 28 63 176 147 24 5 179 44 173 43 19 51 187 174 55 99 167 78 69 156 115 142 20 195 181 200 134 100 151 128 180 11 108 31 4 15 112 194 119 41 189 34 87 129 186 93 182 94 96 197 47 185 40 150 82 166 193 192 148 62 57 7 36 56 71 158 127 190 114 153 124 45 106 80 118 81 157 168 42 72 16 122 101 38 18 171 84 164 107 30 79 172 10 9 105 135 154 138 85 70 120 98 125 60 103 198 21 13 123 155 76 145 73 165 196 139 49 48 95 

Inst_Index:112 	 City_Num:200 	 Concorde:21.041607 	 MCTS:21.103057 Improve:-0.061450 	 Time:16.05 Seconds
Solution: 1 189 66 102 196 144 92 10 15 186 44 97 31 109 110 64 19 86 125 120 33 48 198 7 157 49 75 58 133 25 21 123 96 182 158 81 130 124 47 165 55 40 60 170 180 30 194 135 140 132 113 149 69 95 38 107 108 139 190 112 153 28 185 73 101 166 116 111 57 181 184 100 68 192 83 169 88 27 13 43 65 74 172 98 191 2 177 62 77 148 45 94 138 89 105 12 93 126 5 34 59 195 129 114 117 80 52 50 99 193 56 183 162 200 175 168 106 51 71 36 104 137 188 14 115 173 84 136 18 67 41 197 53 11 164 76 79 22 121 146 35 161 32 131 150 163 17 174 143 8 23 82 37 46 9 128 187 91 72 159 61 141 142 171 24 134 63 199 156 178 119 145 39 42 54 127 103 16 152 78 4 155 85 167 6 118 90 70 179 20 160 3 176 122 26 87 154 29 151 147 


Index_In_Batch: 27, Avg_Concorde_Distance: 21.354819 Avg_MCTS_Distance: 21.361266 Avg_Gap: 0.000302 Total_Time: 66.04 Seconds 
 Beat_Best_Known_Times: 2 Match_Best_Known_Times: 0 Miss_Best_Known_Times: 2 
