Number_of_Instances_In_Current_Batch: 4

Inst_Index:21 	 City_Num:200 	 Concorde:21.249870 	 MCTS:21.249286 Improve:0.000585 	 Time:16.14 Seconds
Solution: 1 30 200 38 59 134 68 47 2 170 28 111 167 114 140 56 48 77 176 19 168 132 179 86 10 67 109 142 117 100 196 63 79 120 98 116 177 189 44 175 37 112 146 198 29 137 199 71 84 155 66 96 61 180 190 45 129 141 8 154 13 161 193 115 128 183 186 31 156 105 173 181 153 99 18 150 92 46 126 166 34 148 89 20 163 145 24 36 39 188 51 82 171 124 151 9 41 172 144 94 40 192 22 55 54 49 147 80 164 73 53 88 135 83 106 113 3 123 133 104 101 130 165 76 58 184 14 6 194 158 102 149 16 85 62 91 127 174 178 70 72 119 162 95 138 139 64 118 17 169 187 87 32 131 43 25 35 182 50 69 65 12 42 23 157 26 90 7 122 103 159 15 21 57 52 74 78 197 4 5 152 75 81 33 121 195 11 185 191 108 107 60 136 125 160 143 97 110 93 27 

Inst_Index:22 	 City_Num:200 	 Concorde:21.910352 	 MCTS:21.923113 Improve:-0.012760 	 Time:16.00 Seconds
Solution: 1 95 131 110 140 108 147 200 181 178 55 80 198 18 120 38 22 118 188 160 73 135 63 67 7 144 29 92 41 77 169 34 39 23 12 21 70 9 54 162 65 157 44 121 119 171 111 10 142 116 6 102 20 3 43 146 165 48 49 175 83 199 153 66 196 132 128 60 167 123 4 57 42 59 163 168 71 86 16 13 50 45 26 31 14 112 2 5 113 166 85 194 184 19 32 52 8 156 176 101 90 15 158 185 117 187 56 141 154 192 78 103 148 46 81 89 191 149 138 125 114 61 72 145 37 88 74 183 161 99 17 105 180 104 64 47 28 195 115 94 197 122 76 40 126 129 30 68 97 69 174 27 25 139 36 84 87 186 24 179 182 173 136 127 33 106 79 164 134 35 193 109 58 91 130 133 107 190 152 82 11 155 93 189 151 53 75 159 150 98 96 137 177 124 143 51 100 62 170 172 

Inst_Index:23 	 City_Num:200 	 Concorde:21.842375 	 MCTS:21.910814 Improve:-0.068438 	 Time:16.01 Seconds
Solution: 1 162 39 168 78 6 26 191 101 134 166 196 93 27 175 14 37 121 25 185 87 15 118 115 13 138 40 100 53 42 98 167 150 81 125 80 69 103 11 131 12 170 34 52 114 56 106 8 77 184 24 122 186 161 157 132 32 154 102 172 123 16 181 36 33 55 30 180 57 9 187 65 71 22 119 7 50 160 183 177 85 54 111 3 139 141 58 112 5 46 59 126 190 116 90 198 128 129 75 153 127 104 178 72 51 135 109 158 140 49 86 95 82 159 79 67 66 143 41 133 136 29 68 176 2 47 31 193 92 48 64 179 163 63 88 113 199 117 35 142 108 182 91 137 148 84 45 194 73 195 120 192 18 173 62 130 97 124 164 146 155 99 19 17 20 4 188 70 156 44 43 83 105 60 74 144 10 23 96 171 94 200 174 21 145 165 152 151 28 169 189 76 110 149 107 61 89 147 38 197 

Inst_Index:24 	 City_Num:200 	 Concorde:21.327307 	 MCTS:21.332189 Improve:-0.004882 	 Time:16.07 Seconds
Solution: 1 35 65 21 114 73 165 99 92 64 18 53 142 72 160 188 22 47 70 24 117 4 27 56 116 8 74 17 103 167 45 80 146 44 157 164 46 57 162 100 85 2 115 107 109 50 7 193 66 135 140 88 129 179 169 163 19 144 136 126 106 104 89 166 36 96 12 125 58 190 131 15 90 118 16 43 11 156 172 150 39 59 84 127 139 31 121 55 52 138 95 123 134 183 13 124 199 195 10 14 161 86 130 111 94 198 181 186 173 40 63 176 54 48 197 184 68 61 108 196 112 177 187 120 26 141 98 30 149 151 185 32 119 105 128 38 147 75 77 3 145 28 170 83 33 49 152 20 154 69 137 25 101 78 67 113 174 153 76 34 51 178 60 93 91 71 171 37 41 155 189 158 97 133 81 168 159 110 132 87 102 42 200 192 5 29 148 122 6 182 9 62 180 191 82 79 23 143 175 194 


Index_In_Batch: 5, Avg_Concorde_Distance: 21.582476 Avg_MCTS_Distance: 21.603850 Avg_Gap: 0.000979 Total_Time: 65.42 Seconds 
 Beat_Best_Known_Times: 1 Match_Best_Known_Times: 0 Miss_Best_Known_Times: 3 
