Number_of_Instances_In_Current_Batch: 4

Inst_Index:117 	 City_Num:200 	 Concorde:21.816725 	 MCTS:21.887491 Improve:-0.070766 	 Time:16.02 Seconds
Solution: 1 199 53 54 27 78 91 128 114 68 166 102 69 123 156 72 159 99 15 195 165 178 59 160 117 154 191 79 167 153 92 41 28 130 182 198 22 124 46 50 35 87 155 131 58 158 24 36 70 169 83 139 3 110 40 57 115 107 200 98 185 136 187 34 149 29 126 108 150 52 76 80 74 65 188 95 82 51 112 196 7 88 190 138 93 47 186 137 125 193 148 134 105 94 9 163 151 85 67 135 75 118 8 144 49 140 63 30 38 194 45 39 168 142 2 48 106 25 19 96 189 133 31 4 23 97 21 192 172 161 180 162 179 111 81 33 152 146 61 132 20 176 62 11 100 84 119 184 109 13 26 121 14 56 32 37 71 64 55 143 104 18 197 90 43 164 89 12 116 103 183 113 181 141 122 127 120 60 175 42 73 145 174 177 171 86 6 44 16 147 157 170 101 10 129 77 66 5 17 173 

Inst_Index:118 	 City_Num:200 	 Concorde:21.291851 	 MCTS:21.323485 Improve:-0.031634 	 Time:16.01 Seconds
Solution: 1 60 87 18 42 54 77 183 117 32 110 194 140 3 166 19 142 40 136 70 88 109 115 145 178 176 189 186 112 170 95 118 171 29 90 190 28 76 188 73 68 191 148 165 59 10 83 82 51 4 182 167 8 75 72 114 33 120 7 138 74 160 52 121 164 127 5 184 62 125 50 168 71 100 101 162 104 177 97 93 200 180 45 12 13 91 185 113 135 134 172 9 147 131 133 25 16 175 152 146 143 195 173 199 55 67 44 137 21 69 80 187 78 193 92 169 106 163 27 37 81 57 64 96 56 157 38 130 6 174 11 111 2 116 155 132 159 196 139 103 53 86 46 48 66 153 22 47 84 151 34 102 99 150 14 149 63 31 35 26 128 24 141 98 119 108 58 124 17 107 123 79 94 192 156 89 20 158 85 105 144 197 36 30 49 65 41 23 61 179 43 15 161 181 154 122 198 126 39 129 

Inst_Index:119 	 City_Num:200 	 Concorde:21.242154 	 MCTS:21.215255 Improve:0.026899 	 Time:16.12 Seconds
Solution: 1 88 33 165 111 147 191 114 59 84 102 172 56 4 142 155 190 14 149 39 151 74 53 144 76 177 79 108 83 160 80 187 178 16 168 21 11 120 139 10 156 94 26 176 63 150 146 110 58 78 181 192 29 116 43 145 106 112 55 195 113 169 118 115 13 64 66 171 136 9 128 90 3 107 97 184 86 38 51 17 183 125 140 35 127 27 137 62 45 8 44 153 95 121 40 41 31 185 70 69 81 18 163 49 159 105 179 164 158 143 57 152 101 89 23 141 197 109 96 180 72 2 32 30 61 173 20 7 170 193 162 123 37 93 138 28 52 189 34 175 196 122 47 188 100 167 75 67 199 6 19 91 154 200 54 194 133 135 77 124 103 12 119 148 73 22 71 174 130 186 15 161 126 24 117 92 182 65 134 50 129 25 98 5 198 85 132 104 48 99 82 60 166 87 157 36 46 68 131 42 

Inst_Index:120 	 City_Num:200 	 Concorde:20.710116 	 MCTS:20.707861 Improve:0.002255 	 Time:16.09 Seconds
Solution: 1 64 140 12 69 77 39 44 167 99 111 128 34 155 175 174 101 66 8 67 172 116 127 150 58 30 129 122 120 28 49 158 90 166 83 70 173 130 139 195 163 31 11 6 199 119 91 16 194 165 193 53 182 41 157 143 200 75 154 115 147 92 162 176 132 15 24 9 186 159 197 86 52 59 89 65 192 23 98 103 171 72 108 151 85 48 188 73 62 100 21 160 146 57 54 74 113 79 33 187 81 3 134 14 80 26 170 107 133 7 60 161 121 144 35 137 189 38 105 4 106 178 5 18 50 102 20 61 168 45 40 118 126 123 183 29 84 97 138 148 117 68 124 47 180 169 136 10 51 185 96 32 125 94 110 37 145 36 71 42 27 88 95 82 191 112 17 181 25 63 19 184 87 196 13 56 104 55 149 135 2 177 152 153 109 114 78 93 179 22 46 141 76 131 142 198 164 43 156 190 


Index_In_Batch: 29, Avg_Concorde_Distance: 21.265212 Avg_MCTS_Distance: 21.283523 Avg_Gap: 0.000839 Total_Time: 65.81 Seconds 
 Beat_Best_Known_Times: 2 Match_Best_Known_Times: 0 Miss_Best_Known_Times: 2 
