Number_of_Instances_In_Current_Batch: 4

Inst_Index:41 	 City_Num:200 	 Concorde:21.126069 	 MCTS:21.107647 Improve:0.018422 	 Time:16.08 Seconds
Solution: 1 135 134 81 104 32 5 39 129 102 63 91 4 145 17 121 51 76 131 183 82 43 152 177 26 142 172 133 37 96 113 108 186 50 27 109 184 7 95 72 198 99 164 196 18 179 86 47 189 115 195 140 56 42 106 122 170 187 20 130 65 173 9 100 13 128 89 191 23 138 73 6 103 24 148 12 190 8 194 84 57 30 150 199 48 29 31 49 64 147 174 143 169 160 127 22 185 28 41 40 38 197 158 87 97 55 58 25 178 116 156 85 188 139 120 16 110 44 62 112 101 79 159 162 74 67 124 157 60 114 14 117 19 168 165 123 154 200 15 33 77 107 136 59 35 94 2 69 45 144 75 166 146 175 53 3 92 163 126 52 132 182 176 68 83 151 10 167 80 155 153 118 70 46 61 21 66 88 78 171 54 125 71 181 34 161 141 36 180 105 137 192 193 90 149 111 93 119 98 11 

Inst_Index:42 	 City_Num:200 	 Concorde:21.286868 	 MCTS:21.275106 Improve:0.011762 	 Time:16.16 Seconds
Solution: 1 77 89 154 40 150 58 199 55 7 177 26 98 180 135 143 172 170 75 20 37 157 156 101 151 30 124 93 44 164 27 120 137 109 76 31 68 81 33 185 173 128 88 127 91 65 136 119 181 16 12 59 70 113 49 32 29 195 186 84 130 56 108 13 46 8 22 78 102 103 5 138 11 62 140 118 190 165 125 57 25 105 194 112 110 196 92 149 38 147 107 158 160 34 188 139 187 96 71 94 153 121 15 39 115 67 64 131 168 126 167 144 63 99 104 179 100 85 48 35 72 60 146 42 52 9 19 166 2 129 178 111 142 141 95 183 87 193 54 79 159 17 133 86 36 200 198 182 161 80 152 69 134 148 23 174 74 61 106 18 41 176 14 132 169 24 21 50 192 145 6 163 197 90 122 117 51 155 175 116 73 43 47 3 191 28 4 83 45 171 123 53 184 66 82 114 162 189 97 10 

Inst_Index:43 	 City_Num:200 	 Concorde:20.944182 	 MCTS:20.977389 Improve:-0.033207 	 Time:16.09 Seconds
Solution: 1 102 118 195 33 116 5 63 166 91 50 194 157 98 183 167 92 51 162 134 8 152 110 52 107 177 197 38 172 89 127 153 11 20 71 145 90 117 2 34 25 46 168 144 131 114 111 147 158 159 130 62 49 113 133 83 88 54 28 78 4 124 76 148 192 136 75 73 42 22 84 115 81 101 86 199 56 146 108 82 112 119 198 39 161 132 151 156 125 182 190 97 105 163 19 61 120 186 60 174 122 142 53 171 139 103 184 35 45 175 40 66 41 72 70 14 104 155 96 123 109 100 135 180 191 59 94 138 179 170 29 24 7 93 13 140 21 137 31 9 65 55 173 99 164 87 185 121 16 126 176 15 27 165 169 43 196 200 80 77 58 85 189 36 129 6 154 150 193 74 44 30 79 10 57 143 23 37 188 181 68 141 106 160 128 26 12 18 3 32 69 149 48 67 64 17 187 47 95 178 

Inst_Index:44 	 City_Num:200 	 Concorde:21.325900 	 MCTS:21.357830 Improve:-0.031930 	 Time:16.06 Seconds
Solution: 1 143 187 151 106 196 27 74 14 119 125 142 68 152 67 29 128 6 82 59 197 46 156 91 75 87 37 56 55 38 11 124 17 139 168 138 126 95 144 134 140 193 164 63 39 109 52 61 84 70 72 117 36 189 44 172 88 8 175 170 200 150 62 16 165 114 115 96 2 171 19 132 33 190 80 102 79 188 99 105 10 50 30 71 101 22 191 93 57 198 110 54 131 58 13 43 100 24 45 181 77 130 184 145 34 159 186 195 20 103 18 178 148 65 160 28 122 116 179 73 92 76 23 127 111 108 81 185 182 169 60 158 149 64 113 104 121 69 180 167 40 137 7 120 192 15 161 86 66 163 47 3 97 21 31 107 154 41 133 85 48 177 94 173 174 123 12 98 89 9 5 176 49 26 147 83 153 183 162 194 90 42 199 157 135 35 136 146 25 141 112 53 32 129 155 51 4 78 118 166 


Index_In_Batch: 10, Avg_Concorde_Distance: 21.170754 Avg_MCTS_Distance: 21.179493 Avg_Gap: 0.000415 Total_Time: 65.34 Seconds 
 Beat_Best_Known_Times: 2 Match_Best_Known_Times: 0 Miss_Best_Known_Times: 2 
