Number_of_Instances_In_Current_Batch: 4

Inst_Index:81 	 City_Num:200 	 Concorde:21.441936 	 MCTS:21.433034 Improve:0.008902 	 Time:16.05 Seconds
Solution: 1 165 95 65 170 118 93 195 164 158 140 116 177 186 107 75 190 120 134 63 38 163 55 26 79 68 148 58 193 52 113 142 82 12 182 100 97 84 57 50 20 119 179 37 135 47 21 152 19 4 27 183 66 7 29 62 143 46 144 141 54 35 71 171 45 157 25 39 136 33 161 117 196 74 109 194 77 60 139 72 70 199 198 10 69 24 103 188 18 13 67 189 166 178 181 160 61 169 122 42 49 80 127 36 16 176 138 86 121 90 174 110 146 9 132 156 89 126 180 175 2 6 56 101 151 124 115 64 5 105 106 114 200 88 81 172 125 133 111 94 137 53 197 48 83 128 185 149 159 14 112 31 131 34 168 15 3 85 145 44 104 41 150 130 8 162 22 108 23 155 102 30 98 51 191 99 40 76 73 59 96 11 173 78 43 167 28 17 184 92 123 129 153 192 32 87 147 91 154 187 

Inst_Index:82 	 City_Num:200 	 Concorde:21.044995 	 MCTS:21.070014 Improve:-0.025019 	 Time:16.01 Seconds
Solution: 1 86 107 183 173 52 132 137 164 125 117 25 110 15 138 44 165 140 65 78 73 197 155 124 127 27 72 66 48 170 85 171 144 3 7 92 142 114 64 193 186 172 45 189 22 93 70 176 68 10 111 32 87 17 113 126 82 169 71 9 59 187 116 112 57 24 31 34 150 177 174 130 129 157 75 146 131 33 20 199 185 190 30 135 141 89 192 198 99 51 38 118 134 96 13 55 94 108 63 54 21 106 36 8 60 58 35 184 79 182 133 11 109 105 175 168 2 191 152 47 159 76 136 18 148 26 180 19 28 69 178 160 149 119 104 158 95 97 154 77 40 62 46 83 23 81 156 163 147 139 100 42 101 84 5 181 61 43 166 80 4 6 90 29 195 102 88 151 161 53 37 121 120 39 14 200 162 103 12 49 188 41 179 50 91 128 74 123 196 194 167 67 98 153 145 16 143 56 115 122 

Inst_Index:83 	 City_Num:200 	 Concorde:20.504413 	 MCTS:20.537754 Improve:-0.033340 	 Time:16.02 Seconds
Solution: 1 85 17 114 157 50 116 4 42 102 9 138 77 195 142 44 81 123 141 197 72 150 169 143 53 55 66 110 155 24 54 64 152 196 86 39 190 51 79 93 153 132 61 49 183 193 26 103 32 198 41 91 170 84 187 186 134 140 15 75 78 113 149 43 31 163 25 174 181 105 151 60 200 124 38 189 62 6 94 118 185 8 2 90 182 107 92 146 131 108 11 100 109 168 59 73 58 63 29 87 99 69 89 40 139 161 13 35 184 12 162 188 19 145 56 175 74 96 45 36 28 128 10 167 127 165 160 68 129 27 164 97 67 144 18 148 159 21 192 57 30 172 52 7 154 23 166 47 70 156 95 83 101 180 115 177 171 34 22 76 48 5 173 179 137 71 119 82 33 80 37 136 194 20 176 199 3 135 46 191 178 126 158 65 117 88 122 104 130 125 14 106 112 98 133 147 120 111 16 121 

Inst_Index:84 	 City_Num:200 	 Concorde:21.202809 	 MCTS:21.257267 Improve:-0.054458 	 Time:16.07 Seconds
Solution: 1 157 83 145 177 103 40 68 96 119 30 38 49 101 28 130 170 91 46 186 43 134 180 153 193 47 42 112 102 29 199 44 9 74 100 95 53 99 93 94 121 154 122 62 171 81 84 50 166 162 60 10 139 131 97 86 141 172 67 69 191 136 88 71 179 35 144 168 17 175 125 54 160 129 190 111 36 58 20 132 82 178 159 174 181 118 63 64 147 146 150 155 110 197 148 15 169 24 116 156 188 133 56 127 105 6 140 92 89 183 12 18 152 41 79 124 176 117 48 123 45 104 32 115 135 5 27 16 149 70 107 128 143 52 2 77 59 34 151 138 25 194 26 142 109 120 195 161 198 22 189 4 126 158 173 31 137 85 165 167 66 57 106 65 163 98 78 33 51 13 7 61 8 90 73 80 184 192 19 76 185 3 75 87 196 113 37 164 200 21 11 108 23 182 55 72 14 187 39 114 


Index_In_Batch: 20, Avg_Concorde_Distance: 21.048538 Avg_MCTS_Distance: 21.074517 Avg_Gap: 0.001242 Total_Time: 65.10 Seconds 
 Beat_Best_Known_Times: 1 Match_Best_Known_Times: 0 Miss_Best_Known_Times: 3 
