Number_of_Instances_In_Current_Batch: 4

Inst_Index:93 	 City_Num:200 	 Concorde:21.259140 	 MCTS:21.319785 Improve:-0.060645 	 Time:16.03 Seconds
Solution: 1 33 170 78 161 123 47 135 146 64 165 189 43 100 115 75 95 156 45 167 48 138 27 193 57 72 185 194 148 126 84 10 30 124 129 136 90 184 67 63 120 23 125 3 117 188 2 103 127 128 6 94 50 35 169 186 168 180 109 18 52 141 15 5 122 163 53 154 155 149 31 130 121 177 9 191 187 181 44 99 26 134 22 37 97 98 13 56 76 79 41 113 137 73 66 133 93 143 157 195 158 49 119 38 104 16 145 192 96 46 36 102 55 39 7 197 77 175 86 106 159 69 89 178 62 147 114 12 92 17 174 116 71 40 19 29 112 14 166 74 8 183 60 150 176 11 54 118 190 139 131 173 105 4 82 21 91 140 110 81 164 85 88 87 101 83 68 108 196 198 200 24 132 70 20 34 28 171 142 111 160 179 162 25 51 172 58 32 182 80 199 61 144 153 107 151 152 42 65 59 

Inst_Index:94 	 City_Num:200 	 Concorde:21.668141 	 MCTS:21.713766 Improve:-0.045626 	 Time:16.10 Seconds
Solution: 1 17 110 192 73 59 147 71 140 56 182 154 121 58 175 176 97 114 124 51 138 189 19 171 198 85 81 162 157 46 60 107 196 139 34 87 115 35 41 11 29 185 23 164 20 183 45 5 116 166 2 148 153 9 178 159 186 3 145 100 28 118 120 179 31 78 99 117 44 197 160 55 135 119 77 83 7 193 195 65 49 143 80 105 113 24 184 150 106 89 95 38 181 187 68 136 141 163 33 69 169 123 161 79 98 26 75 149 191 47 92 22 93 122 25 102 48 127 21 174 172 13 151 137 64 82 43 74 101 133 42 4 76 128 129 8 180 32 37 57 103 15 144 170 158 167 177 30 12 173 72 86 108 63 104 27 112 6 67 96 91 88 111 146 18 199 165 155 62 90 152 50 70 194 130 109 188 16 142 66 40 39 156 14 36 10 132 54 190 168 200 84 134 126 61 125 52 53 94 131 

Inst_Index:95 	 City_Num:200 	 Concorde:22.334263 	 MCTS:22.296691 Improve:0.037572 	 Time:16.09 Seconds
Solution: 1 58 167 83 151 59 10 92 121 192 54 162 39 108 181 38 138 149 88 15 136 122 8 129 113 116 28 21 22 133 104 183 91 24 11 156 119 142 86 78 109 76 82 165 177 73 61 13 163 60 186 17 93 97 134 160 101 199 175 6 189 155 66 105 141 47 145 198 31 25 179 176 187 112 157 62 65 120 23 81 70 172 16 132 87 33 190 12 72 146 140 42 164 102 52 170 106 69 68 2 14 114 195 95 20 158 153 200 35 30 191 34 128 18 144 147 85 89 51 56 44 178 168 130 159 19 3 75 36 37 57 94 117 74 173 193 84 53 196 125 118 29 90 169 5 46 161 49 99 4 26 115 111 43 127 27 110 184 123 135 126 150 107 77 171 103 148 154 188 185 50 98 166 139 174 63 71 7 137 48 124 9 143 197 180 40 45 55 79 80 41 182 152 67 194 100 96 64 131 32 

Inst_Index:96 	 City_Num:200 	 Concorde:21.501020 	 MCTS:21.564833 Improve:-0.063813 	 Time:16.02 Seconds
Solution: 1 177 48 116 189 93 112 194 104 147 192 4 98 73 161 126 25 35 136 69 86 58 85 145 95 22 178 17 122 27 13 101 6 8 2 9 16 78 39 150 24 187 173 76 99 181 59 200 20 117 153 160 37 182 55 23 83 90 175 125 7 60 52 50 139 185 88 180 53 42 131 61 14 79 193 70 45 80 72 108 190 65 148 141 144 56 19 167 197 32 142 41 155 87 66 49 29 18 107 105 129 15 64 159 30 199 97 149 47 165 198 179 195 109 152 146 196 54 26 191 12 38 188 119 137 5 111 157 140 71 33 121 40 124 168 184 102 123 36 115 103 151 163 186 135 128 89 34 81 164 51 82 57 113 133 174 96 77 138 156 100 154 68 67 74 176 91 43 172 94 84 10 120 75 92 44 11 134 118 170 169 28 171 143 158 127 63 166 46 62 162 114 106 21 183 130 31 110 132 3 


Index_In_Batch: 23, Avg_Concorde_Distance: 21.690641 Avg_MCTS_Distance: 21.723769 Avg_Gap: 0.001561 Total_Time: 66.10 Seconds 
 Beat_Best_Known_Times: 1 Match_Best_Known_Times: 0 Miss_Best_Known_Times: 3 
