Number_of_Instances_In_Current_Batch: 4

Inst_Index:61 	 City_Num:200 	 Concorde:21.146939 	 MCTS:21.187034 Improve:-0.040095 	 Time:16.15 Seconds
Solution: 1 200 79 143 90 124 84 151 117 102 20 140 26 87 36 175 189 131 146 64 5 9 123 60 96 71 188 14 69 104 141 127 112 185 63 81 187 107 35 179 17 128 66 195 139 41 164 162 159 155 13 148 129 58 149 168 173 74 32 137 145 118 27 130 106 22 88 97 115 3 121 4 103 80 53 94 85 108 191 165 59 82 100 111 16 34 163 138 83 47 196 21 193 113 42 73 150 57 154 72 39 169 157 11 28 37 153 156 99 89 23 68 8 70 110 184 29 198 186 33 166 51 171 77 40 181 91 50 190 172 122 136 119 46 45 180 62 75 24 109 98 134 126 61 161 52 49 38 43 116 152 78 15 177 67 182 6 65 54 56 86 125 135 76 144 178 194 7 158 95 174 170 25 105 132 167 31 2 192 120 44 12 147 19 176 114 30 92 93 133 197 10 199 142 183 48 160 18 55 101 

Inst_Index:62 	 City_Num:200 	 Concorde:20.901520 	 MCTS:20.889889 Improve:0.011630 	 Time:16.06 Seconds
Solution: 1 5 195 25 85 103 34 65 134 137 11 192 59 95 84 29 40 167 155 149 54 183 164 43 89 138 24 81 118 160 126 105 4 71 82 96 98 162 35 87 45 175 110 180 119 158 68 117 172 186 153 94 13 14 166 67 92 88 15 58 174 128 107 74 104 132 140 176 21 143 156 159 93 122 179 41 185 139 199 91 72 194 193 26 75 22 42 154 200 76 100 2 168 115 123 27 7 60 83 23 18 148 108 20 196 37 44 78 146 111 77 144 182 39 36 38 109 90 173 198 31 145 165 136 169 64 19 10 150 6 51 8 131 177 187 130 3 16 57 197 48 32 184 120 101 80 97 191 135 112 163 129 28 113 49 152 127 171 61 125 147 73 63 99 188 102 181 70 12 114 86 121 50 151 62 189 9 56 55 66 161 33 178 116 79 124 46 133 106 170 52 30 53 142 17 157 141 47 190 69 

Inst_Index:63 	 City_Num:200 	 Concorde:21.386578 	 MCTS:21.375620 Improve:0.010958 	 Time:16.05 Seconds
Solution: 1 124 3 21 117 102 71 73 147 195 164 12 151 182 159 89 174 72 135 144 53 108 194 111 171 110 101 79 122 200 165 27 121 127 58 80 143 156 115 84 69 139 15 11 149 4 175 179 199 8 130 65 35 133 7 123 178 126 148 85 141 155 193 116 75 50 152 138 196 56 34 97 197 49 154 9 169 19 191 185 103 129 190 25 112 45 33 31 54 76 192 82 113 55 99 105 63 187 57 83 14 66 158 163 43 94 24 176 92 91 18 177 70 161 119 48 134 32 52 132 22 29 136 46 86 162 90 109 95 6 145 168 64 189 170 28 184 37 166 16 150 160 107 137 167 42 20 104 13 30 81 26 128 5 62 39 98 181 188 60 146 78 172 41 87 198 93 114 67 74 186 2 47 100 88 61 51 125 180 10 106 120 96 157 131 183 40 118 59 77 38 36 140 173 142 153 23 17 68 44 

Inst_Index:64 	 City_Num:200 	 Concorde:21.164600 	 MCTS:21.173568 Improve:-0.008967 	 Time:16.01 Seconds
Solution: 1 60 5 62 85 194 116 3 59 103 138 88 155 2 23 44 170 64 50 200 168 73 39 34 96 190 178 142 68 106 130 143 74 20 127 27 94 132 128 43 38 14 102 53 165 172 136 120 42 45 90 108 171 97 182 92 161 28 126 24 167 159 122 33 135 67 175 123 12 124 69 95 18 8 184 118 140 86 55 66 111 77 91 83 93 63 147 54 113 82 197 32 173 160 186 51 11 137 87 158 157 13 25 56 152 22 37 79 75 80 36 31 154 139 72 46 192 30 49 10 84 47 185 177 89 191 7 125 105 169 187 181 199 15 114 156 141 149 144 162 193 57 17 99 29 110 131 183 9 16 153 176 148 189 119 40 71 65 21 198 101 196 179 121 48 129 26 163 180 19 107 61 35 52 98 41 115 6 117 76 164 133 109 81 151 58 166 104 134 145 195 188 146 112 174 4 100 150 70 78 


Index_In_Batch: 15, Avg_Concorde_Distance: 21.149909 Avg_MCTS_Distance: 21.156528 Avg_Gap: 0.000313 Total_Time: 65.49 Seconds 
 Beat_Best_Known_Times: 2 Match_Best_Known_Times: 0 Miss_Best_Known_Times: 2 
