Number_of_Instances_In_Current_Batch: 4

Inst_Index:73 	 City_Num:200 	 Concorde:20.466676 	 MCTS:20.472159 Improve:-0.005483 	 Time:16.16 Seconds
Solution: 1 62 26 105 59 21 31 82 49 29 167 83 139 196 98 158 171 77 70 97 114 156 30 58 160 92 44 107 170 68 81 17 45 12 149 112 177 94 120 144 198 57 169 40 178 33 134 35 104 161 14 27 189 125 55 143 90 123 73 48 72 115 91 47 64 188 185 175 86 136 5 10 42 109 56 39 41 102 110 6 18 113 3 101 2 138 163 71 106 111 16 200 173 38 183 179 199 119 15 146 8 78 151 46 176 65 85 133 153 11 191 93 69 154 150 128 122 193 37 36 79 75 61 95 172 148 141 145 195 25 96 87 135 166 4 20 88 147 184 194 100 50 157 168 142 34 174 80 190 74 129 187 155 9 51 103 67 127 53 89 22 137 162 76 66 84 130 164 19 165 60 186 13 32 140 52 124 132 180 28 118 192 197 152 23 54 181 182 7 121 63 159 108 131 43 116 24 126 117 99 

Inst_Index:74 	 City_Num:200 	 Concorde:21.752222 	 MCTS:21.788151 Improve:-0.035929 	 Time:16.02 Seconds
Solution: 1 9 89 112 180 113 54 11 181 156 37 103 172 47 193 13 151 44 109 154 196 122 80 41 199 115 106 119 31 192 168 57 68 58 126 133 66 7 28 141 56 36 107 197 14 186 91 39 157 8 92 174 53 55 86 137 60 46 95 70 64 45 88 184 149 185 177 139 104 111 160 40 35 117 51 63 130 162 61 183 143 78 165 187 75 25 166 71 101 146 190 147 123 164 153 23 161 129 76 167 49 65 200 194 110 34 82 32 79 30 189 134 118 52 102 175 135 43 120 73 148 127 150 18 26 132 105 100 128 90 170 171 140 16 179 87 48 145 38 97 84 83 19 74 198 136 182 173 116 10 17 33 5 20 72 42 158 163 131 12 77 114 152 178 50 188 159 29 67 59 3 155 81 27 22 191 85 169 2 4 62 24 94 125 96 138 99 15 98 195 93 69 124 142 121 6 108 144 176 21 

Inst_Index:75 	 City_Num:200 	 Concorde:21.693692 	 MCTS:21.680233 Improve:0.013458 	 Time:16.04 Seconds
Solution: 1 122 135 62 51 198 72 45 106 176 146 179 59 76 44 170 140 169 82 77 98 15 88 38 86 173 119 132 105 165 153 124 52 26 136 46 34 83 41 20 192 30 141 73 125 193 14 143 2 120 4 113 92 163 149 28 18 50 69 191 10 112 144 182 131 162 142 115 200 130 84 95 23 21 152 121 133 36 174 154 189 194 100 180 24 134 67 138 93 155 31 91 107 80 161 85 22 5 150 187 185 71 70 103 25 164 96 58 60 117 53 151 11 64 13 19 199 7 197 104 123 148 196 114 171 6 188 87 110 55 127 167 129 65 177 12 195 56 16 156 17 29 75 111 184 78 128 33 99 137 43 118 54 157 168 145 68 97 178 160 102 147 66 39 183 79 186 101 108 37 49 32 47 126 61 3 57 139 63 94 27 172 8 159 190 116 89 9 109 74 48 90 158 166 81 42 40 35 181 175 

Inst_Index:76 	 City_Num:200 	 Concorde:21.361205 	 MCTS:21.377686 Improve:-0.016482 	 Time:16.06 Seconds
Solution: 1 179 90 116 69 178 4 175 121 19 28 118 186 188 54 127 111 36 200 58 22 167 146 174 2 138 46 40 106 136 141 113 24 75 131 168 71 129 34 151 51 119 101 17 73 126 37 77 122 6 81 21 83 48 105 150 29 192 154 33 44 87 145 169 67 100 176 134 11 110 160 89 189 162 120 108 196 125 49 14 72 85 92 153 10 199 45 16 42 143 103 47 39 43 182 30 135 78 98 88 133 137 156 149 26 8 20 80 57 180 170 194 181 198 27 164 193 157 104 59 55 35 191 64 86 190 18 56 3 79 95 184 197 102 50 159 84 25 5 62 38 152 183 70 161 117 112 132 172 163 12 140 171 185 76 187 147 139 82 115 53 13 52 63 32 128 15 31 107 166 173 130 96 155 7 144 94 124 23 148 99 91 61 93 60 66 158 9 123 41 74 65 109 177 195 97 68 114 142 165 


Index_In_Batch: 18, Avg_Concorde_Distance: 21.318449 Avg_MCTS_Distance: 21.329558 Avg_Gap: 0.000518 Total_Time: 65.34 Seconds 
 Beat_Best_Known_Times: 1 Match_Best_Known_Times: 0 Miss_Best_Known_Times: 3 
