Number_of_Instances_In_Current_Batch: 4

Inst_Index:25 	 City_Num:200 	 Concorde:22.534305 	 MCTS:22.618049 Improve:-0.083744 	 Time:16.08 Seconds
Solution: 1 53 19 167 143 179 59 17 173 195 169 48 177 123 63 190 75 99 83 18 51 7 20 102 145 198 70 106 79 128 141 187 199 61 93 11 71 189 112 152 183 65 108 134 172 4 72 115 127 175 36 45 181 122 26 194 3 146 142 150 23 95 67 119 104 81 132 97 9 180 49 41 186 163 116 129 12 125 103 35 126 110 73 139 192 118 92 111 133 69 182 24 107 121 138 33 39 200 54 34 77 46 113 130 42 184 98 44 188 27 161 156 170 191 28 40 16 120 136 52 76 165 166 131 90 168 140 85 37 6 15 105 10 13 149 68 25 153 178 21 154 80 193 62 47 155 57 197 66 30 64 56 159 101 162 100 117 147 157 91 94 164 109 78 87 38 124 43 8 196 185 137 86 88 55 171 151 160 60 29 22 174 144 84 74 82 50 114 135 58 31 96 2 14 5 176 89 32 158 148 

Inst_Index:26 	 City_Num:200 	 Concorde:22.124841 	 MCTS:22.149716 Improve:-0.024876 	 Time:16.20 Seconds
Solution: 1 82 84 64 28 124 72 62 17 194 88 125 91 51 177 123 31 38 164 93 189 200 147 2 61 41 155 108 45 12 149 89 67 197 95 126 37 168 162 129 42 139 193 136 175 94 6 178 127 184 27 21 171 100 35 18 44 11 107 103 77 86 16 97 150 144 102 63 128 78 69 36 181 20 49 74 56 138 24 29 148 169 34 50 60 52 167 7 57 40 25 143 179 83 90 32 163 121 96 110 101 23 109 39 76 53 99 98 79 134 145 174 196 159 75 55 161 47 190 3 105 59 152 199 87 135 13 191 115 153 186 180 187 22 54 48 119 116 118 166 165 183 46 81 58 173 113 158 160 133 15 92 172 66 71 131 176 137 185 192 122 156 5 14 104 68 151 140 106 120 10 132 65 130 170 4 146 80 157 70 182 117 112 141 30 188 73 154 85 142 111 8 9 114 26 198 43 19 195 33 

Inst_Index:27 	 City_Num:200 	 Concorde:21.629529 	 MCTS:21.613536 Improve:0.015992 	 Time:16.04 Seconds
Solution: 1 18 34 125 61 78 54 159 30 92 131 4 155 120 190 33 132 2 142 179 69 110 23 165 158 156 134 133 24 48 186 59 65 102 181 39 107 71 147 109 17 100 98 68 45 67 153 172 26 74 52 178 32 72 189 144 176 174 76 148 49 199 41 154 14 169 188 38 99 195 163 97 81 170 43 9 75 66 160 129 177 46 185 56 95 152 167 85 112 136 94 137 55 44 128 166 7 119 5 19 140 15 3 60 194 138 47 86 162 28 20 37 106 161 108 197 135 8 111 127 192 105 116 73 200 171 6 184 82 63 117 191 42 198 57 141 123 84 126 150 175 180 16 80 50 93 89 29 35 193 53 64 187 104 124 58 118 88 130 70 122 96 36 10 77 79 143 183 27 25 103 157 113 121 139 196 51 13 145 62 182 83 21 149 11 91 22 115 31 151 87 12 146 101 168 40 164 90 114 173 

Inst_Index:28 	 City_Num:200 	 Concorde:22.201347 	 MCTS:22.204618 Improve:-0.003272 	 Time:16.07 Seconds
Solution: 1 173 18 106 40 28 144 157 30 45 142 112 23 4 167 183 177 54 141 50 104 168 27 5 26 152 51 114 119 74 195 117 21 44 98 2 199 61 52 133 64 135 46 153 37 35 108 94 138 69 7 111 118 32 161 100 15 60 110 189 68 105 147 48 93 56 185 99 149 89 181 80 175 130 43 24 190 41 102 81 123 143 96 14 86 145 174 63 59 184 107 34 139 155 116 91 120 65 67 192 12 170 13 73 82 127 172 92 193 160 53 158 179 146 103 57 115 16 17 113 182 70 129 187 128 88 200 29 6 71 198 22 49 90 159 66 10 140 176 85 163 154 196 76 124 165 186 9 148 171 87 58 188 8 122 97 194 125 151 42 11 197 36 136 3 79 33 83 62 77 84 39 132 38 20 47 178 131 126 162 137 31 109 75 191 25 121 72 150 180 169 19 156 78 134 95 101 166 164 55 


Index_In_Batch: 6, Avg_Concorde_Distance: 22.122505 Avg_MCTS_Distance: 22.146480 Avg_Gap: 0.001062 Total_Time: 65.90 Seconds 
 Beat_Best_Known_Times: 1 Match_Best_Known_Times: 0 Miss_Best_Known_Times: 3 
