Number_of_Instances_In_Current_Batch: 4

Inst_Index:121 	 City_Num:200 	 Concorde:21.719465 	 MCTS:21.736554 Improve:-0.017089 	 Time:16.08 Seconds
Solution: 1 17 118 144 120 113 130 136 153 3 86 149 32 105 133 100 200 167 128 169 103 47 34 65 62 185 114 88 183 131 48 63 56 14 27 24 102 57 11 15 155 162 92 145 121 163 82 33 26 21 98 108 20 22 132 146 59 36 178 7 160 30 52 110 71 49 142 125 94 165 190 116 67 90 182 54 38 139 141 157 91 152 5 140 69 171 50 53 117 18 58 81 186 28 134 198 6 84 107 147 180 187 127 19 172 184 164 72 29 112 73 87 115 13 158 79 35 195 96 188 51 181 119 168 170 111 61 23 68 97 138 85 135 9 74 80 43 2 70 8 64 76 104 191 129 66 44 25 179 83 156 16 106 151 177 126 193 154 10 31 173 93 174 95 124 60 148 150 75 199 4 46 77 45 41 89 143 194 189 101 109 39 159 196 122 176 161 37 42 166 137 123 12 197 55 175 99 78 192 40 

Inst_Index:122 	 City_Num:200 	 Concorde:21.784563 	 MCTS:21.763308 Improve:0.021255 	 Time:16.03 Seconds
Solution: 1 136 146 41 9 16 45 76 32 99 157 165 82 95 142 39 6 115 36 191 121 34 127 140 171 116 108 169 188 69 5 54 100 103 89 107 18 3 58 198 42 195 53 147 87 28 150 109 192 112 38 93 145 122 94 60 153 120 59 86 30 158 125 180 184 52 80 29 176 162 57 65 119 51 193 139 164 84 81 61 129 196 35 105 170 117 197 173 33 15 71 132 67 128 151 124 83 77 131 183 17 70 11 24 55 92 97 78 47 133 74 31 152 43 134 10 44 14 118 104 79 48 154 26 21 186 172 7 4 166 68 49 102 96 40 155 161 19 182 135 98 137 25 91 130 37 149 200 73 66 64 56 50 168 123 181 46 62 106 143 23 27 111 113 110 148 85 174 160 126 12 138 8 189 177 144 178 156 22 90 72 190 88 163 141 101 114 187 194 175 159 2 20 185 179 199 75 167 63 13 

Inst_Index:123 	 City_Num:200 	 Concorde:20.764947 	 MCTS:20.755486 Improve:0.009460 	 Time:16.07 Seconds
Solution: 1 95 184 162 111 75 25 196 50 109 115 57 145 116 52 154 82 157 122 172 120 65 183 146 143 170 84 26 61 152 187 71 39 56 156 7 142 41 44 24 11 178 198 85 29 174 137 140 94 47 104 185 108 87 181 23 68 79 62 139 141 159 191 163 18 86 171 197 55 20 63 158 90 105 133 103 148 136 6 188 69 147 144 177 121 5 76 192 127 27 88 10 73 100 54 33 43 89 40 112 114 22 19 97 37 48 14 78 101 16 129 12 169 160 126 128 119 70 83 189 106 17 45 125 98 150 58 36 194 32 161 66 155 9 21 117 165 118 51 77 153 168 186 179 134 35 200 28 151 81 149 42 130 135 195 132 102 113 176 34 164 30 80 175 74 53 67 15 124 190 180 4 193 92 131 123 182 167 38 49 96 3 173 60 59 107 13 91 99 31 72 46 199 110 138 93 166 8 64 2 

Inst_Index:124 	 City_Num:200 	 Concorde:21.287004 	 MCTS:21.292347 Improve:-0.005342 	 Time:16.03 Seconds
Solution: 1 6 81 145 33 121 122 142 162 63 132 103 158 118 179 31 92 18 188 155 170 166 152 116 110 140 89 13 127 129 97 86 175 156 128 189 148 34 85 76 130 39 113 172 197 29 196 66 109 167 171 149 107 65 199 105 4 168 62 77 17 70 138 73 53 54 25 24 115 177 135 23 112 59 186 94 147 173 57 7 96 79 44 191 198 55 75 35 71 11 136 26 190 133 119 40 93 80 43 163 134 176 19 194 21 100 160 165 114 16 47 200 139 184 52 157 181 137 174 185 123 90 58 3 32 88 87 42 164 98 153 195 83 182 143 20 146 12 82 64 151 78 60 45 41 68 38 48 28 126 51 50 84 99 30 154 120 95 161 169 9 106 61 102 124 91 178 131 69 117 74 49 193 10 37 125 141 8 22 104 144 183 36 72 108 150 2 14 159 67 192 180 5 187 56 101 15 111 27 46 


Index_In_Batch: 30, Avg_Concorde_Distance: 21.388995 Avg_MCTS_Distance: 21.386924 Avg_Gap: -0.000098 Total_Time: 65.46 Seconds 
 Beat_Best_Known_Times: 2 Match_Best_Known_Times: 0 Miss_Best_Known_Times: 2 
