Number_of_Instances_In_Current_Batch: 4

Inst_Index:77 	 City_Num:200 	 Concorde:21.547660 	 MCTS:21.543551 Improve:0.004108 	 Time:16.05 Seconds
Solution: 1 182 106 9 68 44 63 62 110 145 102 78 64 77 12 33 136 16 15 13 194 24 158 95 150 120 79 100 36 140 70 160 154 56 35 181 178 92 89 71 131 134 31 156 123 49 26 73 113 90 37 41 87 61 18 69 196 179 39 174 147 168 86 129 118 130 200 93 29 119 101 167 45 74 104 152 67 193 94 48 8 57 175 20 195 126 107 176 163 111 72 127 192 171 83 170 177 115 54 148 117 22 153 40 139 76 172 162 108 125 23 137 10 4 88 187 189 128 43 133 121 60 142 47 55 99 52 21 2 46 28 17 190 66 151 25 32 116 173 169 105 6 165 191 135 51 42 98 185 144 132 114 91 3 161 75 97 65 141 53 27 59 85 30 197 186 103 122 166 96 50 180 199 80 183 5 159 138 7 34 14 149 184 124 84 58 198 82 109 11 157 38 155 188 164 112 143 19 146 81 

Inst_Index:78 	 City_Num:200 	 Concorde:22.703783 	 MCTS:22.767892 Improve:-0.064109 	 Time:16.04 Seconds
Solution: 1 119 184 88 72 160 93 133 175 71 35 95 150 124 196 90 126 11 69 36 98 30 10 185 44 29 117 97 24 65 197 131 157 22 153 39 146 2 84 53 7 115 159 79 87 194 141 62 145 31 21 27 127 138 163 108 181 42 135 177 91 192 77 49 116 20 85 17 13 55 125 45 9 103 173 38 113 199 70 122 43 99 101 129 25 114 47 144 200 23 19 75 57 89 132 46 16 136 182 186 48 105 140 56 118 5 104 155 78 198 109 8 54 174 41 100 96 168 178 6 59 134 130 81 63 183 52 51 154 121 151 18 171 167 3 120 83 73 26 170 123 164 92 61 112 188 80 15 111 191 76 60 37 68 128 149 176 139 195 169 179 82 86 143 148 172 33 94 4 64 152 14 142 180 34 32 166 193 74 28 106 162 158 107 187 165 102 66 40 50 156 161 58 190 67 12 147 189 137 110 

Inst_Index:79 	 City_Num:200 	 Concorde:21.076393 	 MCTS:21.078137 Improve:-0.001744 	 Time:16.01 Seconds
Solution: 1 167 50 165 9 99 43 12 175 146 148 66 155 82 161 40 171 24 52 176 19 129 41 44 178 79 103 197 166 30 36 118 105 6 111 168 164 121 134 117 75 4 192 102 135 38 77 200 11 108 96 126 88 114 179 46 173 130 124 27 56 136 119 73 101 32 169 71 145 186 141 85 3 13 187 16 144 115 68 151 57 128 63 142 116 104 48 62 83 65 90 22 127 64 72 14 190 37 131 181 55 78 7 125 89 74 180 182 109 61 170 98 45 174 162 33 159 107 23 28 158 53 139 20 84 199 184 189 172 87 58 97 150 95 156 94 39 34 8 154 31 100 15 47 196 70 21 59 18 152 49 25 76 177 191 26 193 140 198 112 17 149 123 143 35 160 93 113 2 194 91 86 80 132 81 183 133 147 67 42 122 188 137 163 153 54 29 10 106 5 138 157 51 110 60 69 92 120 185 195 

Inst_Index:80 	 City_Num:200 	 Concorde:22.034208 	 MCTS:22.045211 Improve:-0.011003 	 Time:16.05 Seconds
Solution: 1 173 196 194 142 151 63 154 139 7 5 118 42 144 93 80 133 67 51 101 10 70 27 120 65 106 35 150 200 164 29 169 107 108 126 81 57 53 74 103 135 9 105 183 88 171 19 47 73 15 72 197 8 168 165 40 76 172 178 166 85 145 192 109 43 124 189 99 176 130 115 23 187 90 113 96 69 18 193 170 86 98 149 184 4 136 48 62 37 77 104 41 140 102 71 131 2 78 181 163 28 174 156 89 137 66 46 34 177 94 31 162 52 68 157 64 75 153 91 39 100 186 148 129 175 188 25 26 191 32 143 61 119 117 111 112 134 12 17 79 141 132 110 160 152 185 11 14 127 33 159 138 22 95 84 59 158 44 123 182 146 167 97 50 198 161 55 128 190 36 58 147 122 38 199 24 20 121 3 13 16 195 83 21 6 155 56 92 49 82 179 116 87 45 60 30 114 125 54 180 


Index_In_Batch: 19, Avg_Concorde_Distance: 21.840511 Avg_MCTS_Distance: 21.858698 Avg_Gap: 0.000804 Total_Time: 66.23 Seconds 
 Beat_Best_Known_Times: 1 Match_Best_Known_Times: 0 Miss_Best_Known_Times: 3 
