Number_of_Instances_In_Current_Batch: 4

Inst_Index:21 	 City_Num:200 	 Concorde:21.249870 	 MCTS:21.249286 Improve:0.000585 	 Time:16.04 Seconds
Solution: 1 27 93 110 97 143 160 125 136 60 107 108 191 185 11 195 121 33 81 75 152 5 4 197 78 74 52 57 21 15 159 103 122 7 90 26 157 23 42 12 65 69 50 182 35 25 43 131 32 87 187 169 17 118 64 139 138 95 162 119 72 70 178 174 127 91 62 85 16 149 102 158 194 6 14 184 58 76 165 130 101 104 133 123 3 113 106 83 135 88 53 73 164 80 147 49 54 55 22 192 40 94 144 172 41 9 151 124 171 82 51 188 39 36 24 145 163 20 89 148 34 166 126 46 92 150 18 99 153 181 173 105 156 31 186 183 128 115 193 161 13 154 8 141 129 45 190 180 61 96 66 155 84 71 199 137 29 198 146 112 37 175 44 189 177 116 98 120 79 63 196 100 117 142 109 67 10 86 179 132 168 19 176 77 48 56 140 114 167 111 28 170 2 47 68 134 59 38 200 30 

Inst_Index:22 	 City_Num:200 	 Concorde:21.910352 	 MCTS:21.972806 Improve:-0.062454 	 Time:16.03 Seconds
Solution: 1 172 170 62 100 51 143 124 177 137 98 96 79 106 58 164 134 35 53 75 150 159 151 189 93 155 11 82 152 190 193 109 91 130 107 133 47 64 104 28 195 115 74 105 180 17 99 161 183 37 145 72 61 114 125 138 149 191 89 81 46 148 103 78 192 154 88 141 56 187 117 185 158 15 90 101 176 156 8 52 32 19 184 194 85 166 113 5 2 112 14 31 26 45 50 13 16 86 71 168 163 59 42 57 4 123 167 60 128 132 196 66 153 199 83 175 68 30 129 126 40 76 122 197 94 33 127 136 173 182 179 24 186 87 84 36 139 25 27 174 69 97 49 48 165 146 43 3 20 102 6 116 142 10 111 171 119 121 44 157 65 162 54 9 70 21 12 23 39 34 169 77 41 92 29 144 7 67 63 135 73 160 188 118 22 38 120 18 198 80 55 178 181 200 147 108 140 110 131 95 

Inst_Index:23 	 City_Num:200 	 Concorde:21.842375 	 MCTS:21.916789 Improve:-0.074413 	 Time:16.08 Seconds
Solution: 1 197 38 147 89 61 107 149 110 76 189 169 28 151 152 145 165 21 174 200 94 171 96 23 10 144 74 60 105 83 43 44 156 70 188 4 20 17 19 99 155 146 164 124 97 130 62 173 18 192 120 195 73 194 45 84 148 137 91 182 108 142 35 117 199 113 88 63 163 179 64 106 48 92 193 31 47 2 176 68 133 136 29 49 140 86 95 82 158 109 135 51 72 178 104 127 153 75 129 128 198 90 116 190 126 59 46 5 112 58 141 139 3 111 54 85 177 183 160 50 7 119 22 71 65 187 9 57 180 30 55 33 36 181 16 123 172 102 154 32 132 157 161 122 186 159 79 67 66 143 41 77 8 184 24 56 114 52 34 170 12 131 11 103 69 80 125 81 150 167 98 42 53 100 40 138 13 115 118 15 87 185 25 121 37 14 175 27 93 196 166 134 101 191 26 6 78 168 39 162 

Inst_Index:24 	 City_Num:200 	 Concorde:21.327307 	 MCTS:21.385143 Improve:-0.057837 	 Time:16.01 Seconds
Solution: 1 194 175 143 23 79 82 191 180 62 9 182 6 122 148 29 5 192 200 42 102 87 132 110 159 168 81 133 97 158 189 155 41 56 116 37 171 71 91 93 60 178 51 34 76 153 174 113 67 78 88 140 135 66 193 7 50 109 107 115 2 85 100 162 57 46 164 157 44 17 74 8 103 146 80 167 45 117 4 27 47 22 188 160 72 70 24 84 59 39 150 172 156 11 43 16 118 90 15 131 190 58 125 12 96 36 166 89 104 106 126 136 144 19 163 169 179 129 185 32 119 101 25 137 69 154 20 152 49 33 83 170 28 145 3 77 75 147 38 128 105 151 149 30 98 26 141 120 187 177 112 196 108 61 68 184 197 48 54 176 63 40 173 186 181 198 94 111 130 86 161 14 10 195 199 124 13 183 134 123 95 138 52 55 121 31 139 127 142 53 18 64 92 99 165 73 114 21 65 35 


Index_In_Batch: 5, Avg_Concorde_Distance: 21.582476 Avg_MCTS_Distance: 21.631006 Avg_Gap: 0.002235 Total_Time: 66.22 Seconds 
 Beat_Best_Known_Times: 1 Match_Best_Known_Times: 0 Miss_Best_Known_Times: 3 
