Number_of_Instances_In_Current_Batch: 4

Inst_Index:29 	 City_Num:200 	 Concorde:22.198258 	 MCTS:22.202065 Improve:-0.003808 	 Time:16.00 Seconds
Solution: 1 104 133 180 53 129 24 44 14 21 59 161 16 34 126 184 158 164 110 148 91 176 101 9 108 146 160 115 159 25 143 123 147 78 175 19 191 7 58 165 137 32 96 100 64 47 118 62 75 196 52 141 200 84 76 46 169 38 120 71 179 49 188 30 155 6 92 33 134 154 186 107 150 3 15 166 102 22 77 145 187 74 65 170 57 26 177 116 73 72 89 66 138 181 36 153 139 20 162 197 199 2 171 174 80 156 128 173 31 135 117 149 132 103 167 42 192 144 163 23 88 63 87 70 124 90 182 125 119 61 112 79 13 178 12 56 29 48 93 95 113 114 190 140 51 55 131 111 121 85 69 39 157 136 97 152 183 105 83 82 37 189 168 172 151 195 27 94 17 54 10 194 122 43 5 130 4 142 35 109 11 28 60 50 41 40 193 45 99 198 67 81 86 8 98 68 127 185 106 18 

Inst_Index:30 	 City_Num:200 	 Concorde:21.790044 	 MCTS:21.836808 Improve:-0.046764 	 Time:16.02 Seconds
Solution: 1 95 183 160 105 72 85 36 104 61 98 120 106 26 81 182 126 65 114 7 174 164 132 25 199 32 51 12 100 170 177 169 62 93 39 109 163 171 103 21 117 184 115 58 108 14 82 176 152 190 128 42 134 200 196 57 20 102 137 156 187 186 84 35 9 89 53 149 155 4 78 52 74 83 55 195 139 77 116 37 38 129 40 46 189 97 54 90 23 124 130 173 179 56 138 193 172 178 131 111 141 158 110 13 70 48 133 64 28 16 15 41 99 5 188 167 49 69 66 6 88 22 86 175 113 127 11 198 112 165 63 192 60 140 92 146 161 185 194 101 10 159 43 157 34 80 181 119 150 19 147 118 145 135 73 50 59 31 191 76 91 45 136 30 162 17 47 143 144 27 79 94 18 33 67 197 125 166 29 151 180 142 3 24 44 122 8 96 121 153 71 2 107 68 87 168 75 148 123 154 

Inst_Index:31 	 City_Num:200 	 Concorde:21.608915 	 MCTS:21.668272 Improve:-0.059356 	 Time:16.09 Seconds
Solution: 1 184 194 34 73 72 95 160 85 81 82 167 165 47 164 166 157 70 123 142 76 78 25 182 134 141 126 198 131 49 59 148 105 190 93 171 139 67 15 62 7 188 86 113 144 199 50 185 54 179 6 118 88 115 169 35 38 163 125 43 66 112 33 63 94 4 130 45 61 110 79 36 197 22 64 9 173 150 186 101 149 114 153 154 200 132 192 189 159 83 28 89 174 117 108 14 176 180 128 122 102 156 162 3 121 152 91 74 170 39 133 40 161 172 13 107 158 41 116 12 97 53 51 119 31 181 11 10 145 87 136 48 146 127 69 18 178 71 191 140 99 147 120 80 52 32 21 129 109 27 124 175 24 103 151 65 55 75 58 143 155 177 100 19 60 92 17 98 44 23 195 68 96 8 104 29 137 138 57 2 183 135 193 30 20 84 42 90 26 37 196 16 46 187 5 106 111 77 168 56 

Inst_Index:32 	 City_Num:200 	 Concorde:21.078582 	 MCTS:21.086848 Improve:-0.008266 	 Time:16.09 Seconds
Solution: 1 23 7 142 75 188 153 11 101 25 8 32 129 119 152 136 177 137 30 183 77 180 128 110 22 91 55 115 156 31 93 9 120 158 94 197 42 24 84 133 14 192 15 76 49 117 51 134 82 174 168 195 147 46 73 126 56 96 163 39 35 154 178 130 81 187 68 98 97 196 99 85 103 116 102 193 92 123 60 198 155 58 83 47 109 80 52 159 165 41 175 19 61 36 125 71 12 79 169 150 40 44 74 146 141 104 171 70 57 65 87 161 184 90 107 45 186 105 2 27 194 149 166 122 135 118 176 43 148 151 13 173 100 62 33 34 182 190 145 48 124 38 59 172 72 140 20 95 157 189 26 112 21 88 139 181 69 106 113 10 53 144 164 3 16 131 167 17 185 127 50 162 4 121 114 5 63 54 138 200 108 67 6 160 170 78 86 179 29 28 143 37 191 64 199 132 111 66 18 89 


Index_In_Batch: 7, Avg_Concorde_Distance: 21.668950 Avg_MCTS_Distance: 21.698498 Avg_Gap: 0.001364 Total_Time: 65.81 Seconds 
 Beat_Best_Known_Times: 0 Match_Best_Known_Times: 0 Miss_Best_Known_Times: 4 
