Number_of_Instances_In_Current_Batch: 4

Inst_Index:105 	 City_Num:200 	 Concorde:21.832143 	 MCTS:21.860951 Improve:-0.028808 	 Time:16.11 Seconds
Solution: 1 158 118 141 136 42 58 74 80 50 77 106 169 79 131 133 10 96 27 155 67 63 95 41 70 194 124 119 116 75 147 196 101 198 137 181 64 16 105 9 48 22 49 14 61 100 23 104 171 11 172 15 185 122 112 134 5 83 47 18 153 192 148 166 167 88 102 174 19 36 82 140 89 176 13 40 38 170 7 132 146 107 21 156 130 188 53 128 177 123 152 120 160 159 139 109 195 81 55 39 2 190 29 92 114 149 32 179 180 178 20 31 99 35 93 199 43 187 8 52 126 60 17 28 138 143 51 59 73 144 154 98 62 97 44 184 34 173 33 68 165 37 3 157 150 125 127 175 24 135 94 85 54 69 65 186 78 45 164 6 56 182 168 183 46 71 57 151 129 26 87 12 117 72 110 108 25 103 90 113 193 145 197 162 84 30 111 142 115 86 191 161 189 91 163 121 76 66 200 4 

Inst_Index:106 	 City_Num:200 	 Concorde:21.969092 	 MCTS:21.942797 Improve:0.026295 	 Time:16.12 Seconds
Solution: 1 23 79 191 143 46 77 2 120 189 123 76 103 19 43 44 121 10 114 144 163 132 69 131 92 119 74 177 180 187 162 174 64 138 5 116 60 31 68 94 110 109 22 80 105 16 148 175 24 32 42 75 93 97 14 133 149 118 107 197 84 78 139 104 170 117 145 165 127 190 12 192 134 21 142 147 37 140 48 57 179 184 186 188 56 126 182 91 106 20 58 3 13 81 102 200 66 15 26 115 171 199 49 161 25 98 181 129 4 11 158 156 62 125 151 39 101 100 146 7 40 59 99 33 47 155 17 54 18 154 63 112 87 27 194 122 128 36 52 51 9 50 169 6 70 73 88 111 159 196 113 172 124 152 61 173 67 135 30 72 29 157 35 108 90 85 34 195 136 167 168 45 83 193 176 198 183 95 153 130 71 164 41 96 185 150 166 160 178 137 89 8 86 55 53 28 65 141 38 82 

Inst_Index:107 	 City_Num:200 	 Concorde:22.257999 	 MCTS:22.267169 Improve:-0.009169 	 Time:16.10 Seconds
Solution: 1 110 183 44 42 22 8 105 196 149 97 172 171 69 11 177 37 147 70 43 130 6 174 136 132 160 104 115 137 118 2 67 74 170 48 107 96 24 27 161 3 108 89 180 33 94 41 59 167 91 83 157 23 145 123 60 121 99 154 39 56 151 153 198 168 57 47 61 19 200 35 142 155 152 148 109 34 164 102 163 82 126 186 181 63 17 28 178 112 114 77 106 54 16 150 98 165 117 127 199 84 7 81 128 80 100 40 140 133 141 197 66 31 176 131 173 189 65 95 53 62 179 76 78 68 26 13 113 144 162 20 79 194 75 36 159 87 101 18 111 46 25 14 45 58 158 116 119 143 72 32 134 86 146 5 103 135 55 188 73 192 92 10 85 195 71 93 4 193 88 129 156 182 50 184 166 64 120 38 169 51 122 21 185 190 139 90 124 30 125 138 12 49 52 29 15 191 187 9 175 

Inst_Index:108 	 City_Num:200 	 Concorde:21.222829 	 MCTS:21.236941 Improve:-0.014112 	 Time:16.01 Seconds
Solution: 1 114 59 161 54 199 151 186 189 181 74 157 163 147 60 20 120 66 45 182 17 30 26 143 166 35 139 152 90 83 148 77 101 104 41 115 36 185 135 14 169 200 25 81 198 89 117 11 62 87 5 92 28 31 142 187 47 183 108 48 106 146 133 65 153 13 137 72 196 130 132 140 86 105 56 67 134 170 22 27 121 164 179 172 15 162 80 116 195 175 174 194 24 136 51 141 4 61 118 113 50 98 177 197 168 131 180 42 188 84 76 159 78 19 103 29 156 3 10 102 176 154 100 57 8 16 79 71 107 33 192 125 99 34 58 184 167 173 178 40 73 128 43 46 111 91 171 23 127 21 2 110 124 55 112 7 149 138 145 18 193 119 82 150 126 94 52 63 109 123 49 155 38 97 69 44 39 75 12 9 85 190 64 160 68 144 165 37 129 96 70 93 6 158 191 95 122 88 32 53 


Index_In_Batch: 26, Avg_Concorde_Distance: 21.820516 Avg_MCTS_Distance: 21.826964 Avg_Gap: 0.000300 Total_Time: 66.19 Seconds 
 Beat_Best_Known_Times: 1 Match_Best_Known_Times: 0 Miss_Best_Known_Times: 3 
