Number_of_Instances_In_Current_Batch: 4

Inst_Index:13 	 City_Num:200 	 Concorde:20.688682 	 MCTS:20.793628 Improve:-0.104946 	 Time:16.06 Seconds
Solution: 1 4 8 181 180 37 11 96 114 142 169 122 152 199 127 77 177 153 145 103 20 190 92 93 154 144 184 35 150 45 116 101 182 87 124 38 71 75 149 95 192 42 51 125 74 18 94 158 12 167 48 131 171 80 141 188 72 36 105 70 7 136 34 176 102 39 29 69 118 26 194 50 117 56 17 59 112 63 160 62 41 79 22 155 197 57 173 76 133 65 98 107 60 178 46 161 168 61 43 73 47 58 14 82 27 175 91 120 200 143 174 138 163 186 111 53 40 139 24 135 5 146 25 165 54 81 68 85 187 33 90 10 159 55 110 185 156 123 115 157 16 198 113 147 179 28 134 137 166 2 172 119 164 84 67 13 195 64 21 170 88 19 15 99 89 31 183 6 97 104 108 132 52 32 78 66 128 148 106 100 30 3 121 189 140 196 49 191 162 23 44 129 109 130 86 9 151 126 83 193 

Inst_Index:14 	 City_Num:200 	 Concorde:21.587925 	 MCTS:21.588079 Improve:-0.000155 	 Time:16.02 Seconds
Solution: 1 10 33 133 17 151 100 180 92 134 60 136 8 124 147 25 189 30 145 61 51 45 32 28 39 107 156 63 59 173 131 176 108 26 103 137 190 31 44 54 192 96 48 112 111 62 24 90 113 50 70 159 93 181 132 130 125 6 106 36 152 178 46 127 12 68 171 7 20 77 34 42 47 21 157 129 185 170 82 16 79 149 89 110 193 128 18 148 188 138 186 19 121 23 13 114 40 140 9 174 73 126 158 187 141 135 29 74 198 101 85 80 91 142 120 146 22 49 37 86 154 179 84 162 194 104 197 67 109 99 160 57 200 191 150 199 119 75 169 15 117 64 78 94 95 153 55 83 167 184 5 72 161 58 143 183 155 98 35 115 122 88 163 164 38 175 69 116 97 144 172 105 195 27 87 102 177 81 76 165 168 182 123 41 118 3 66 14 71 166 53 4 43 196 52 56 2 65 139 11 

Inst_Index:15 	 City_Num:200 	 Concorde:21.752848 	 MCTS:21.757147 Improve:-0.004298 	 Time:16.08 Seconds
Solution: 1 108 120 183 11 99 128 137 46 185 166 82 143 50 92 148 10 8 104 169 41 110 29 175 126 16 141 94 6 133 142 176 171 102 52 153 156 27 74 111 26 71 84 90 67 73 165 112 85 101 173 138 69 139 61 194 42 30 196 103 124 146 87 35 115 38 3 200 47 70 48 17 127 122 56 86 121 117 155 161 49 77 95 98 119 88 55 179 76 113 180 199 7 109 32 144 174 9 159 65 198 19 195 97 81 43 62 157 118 36 162 181 168 34 147 167 96 23 107 177 4 45 123 51 12 31 33 13 72 131 58 184 14 40 80 170 79 158 189 197 192 60 132 178 66 89 20 151 187 59 22 21 186 54 125 116 149 182 193 134 164 2 130 44 78 25 68 37 152 191 28 91 154 18 190 145 39 64 188 57 83 63 5 136 106 15 129 105 150 163 93 135 53 24 160 172 114 75 140 100 

Inst_Index:16 	 City_Num:200 	 Concorde:21.531921 	 MCTS:21.508630 Improve:0.023291 	 Time:16.13 Seconds
Solution: 1 70 20 123 133 159 104 192 110 115 25 196 38 27 18 96 149 158 71 9 186 66 198 99 42 166 84 147 127 150 13 141 11 170 86 178 145 120 41 46 81 132 51 37 49 6 154 140 55 184 144 107 32 94 58 199 111 148 179 176 167 78 50 14 156 28 189 151 64 45 112 54 114 29 135 98 174 59 118 85 76 146 195 169 182 19 190 36 157 180 60 17 139 128 35 69 161 105 162 155 3 197 117 106 34 183 73 125 90 164 8 95 129 65 68 143 74 172 88 124 165 40 177 53 152 153 39 26 4 22 109 173 113 30 100 44 80 56 102 23 67 116 185 122 194 130 191 108 171 93 15 134 92 33 181 12 61 160 24 47 83 75 193 119 97 138 168 31 57 91 87 10 137 121 175 16 72 79 43 142 52 89 131 5 7 101 200 136 63 188 21 126 77 2 62 82 103 187 48 163 


Index_In_Batch: 3, Avg_Concorde_Distance: 21.390344 Avg_MCTS_Distance: 21.411871 Avg_Gap: 0.001049 Total_Time: 65.43 Seconds 
 Beat_Best_Known_Times: 1 Match_Best_Known_Times: 0 Miss_Best_Known_Times: 3 
