Number_of_Instances_In_Current_Batch: 4

Inst_Index:93 	 City_Num:200 	 Concorde:21.259140 	 MCTS:21.332311 Improve:-0.073171 	 Time:16.04 Seconds
Solution: 1 148 126 84 10 30 124 129 136 90 67 184 63 120 23 125 3 117 188 2 103 127 128 6 94 35 50 168 180 109 18 52 141 15 5 122 163 53 154 155 149 31 130 121 177 41 113 137 73 66 133 186 169 151 107 153 152 42 65 59 144 61 104 16 145 192 80 199 182 32 58 51 172 96 46 36 102 55 39 38 119 49 158 195 157 93 143 79 76 98 97 13 56 9 191 187 181 44 99 26 134 22 37 19 40 29 112 71 116 17 174 106 86 175 77 7 197 159 69 89 178 62 147 114 12 92 166 14 74 8 183 60 150 176 11 54 118 190 139 131 173 105 4 82 21 91 140 110 81 164 85 88 87 101 83 68 171 142 111 160 179 162 25 20 34 28 108 196 198 200 24 132 70 64 146 135 165 189 43 100 115 75 95 156 45 167 48 138 57 72 185 194 193 27 47 123 161 78 170 33 

Inst_Index:94 	 City_Num:200 	 Concorde:21.668141 	 MCTS:21.700740 Improve:-0.032599 	 Time:16.02 Seconds
Solution: 1 17 110 192 73 59 147 71 140 56 182 154 121 58 175 176 97 114 124 51 138 189 19 171 198 85 81 162 157 46 60 107 196 139 34 87 115 35 11 41 55 135 119 77 83 7 193 195 179 31 78 99 117 160 44 197 29 185 23 164 20 183 45 5 116 166 2 148 153 9 178 159 186 3 145 100 28 118 120 65 49 143 80 105 113 24 184 150 106 89 95 38 181 187 68 136 141 163 33 69 169 123 161 79 98 26 75 149 191 47 92 22 93 122 25 102 48 127 21 174 172 13 151 137 64 82 43 74 101 133 42 4 76 128 129 8 180 32 37 57 103 15 144 170 158 167 177 30 12 173 72 86 108 63 104 27 112 6 67 96 91 88 111 146 18 199 165 155 62 90 152 50 70 194 130 109 188 16 142 66 40 39 156 14 36 10 132 54 190 168 200 84 134 126 61 125 52 53 94 131 

Inst_Index:95 	 City_Num:200 	 Concorde:22.334263 	 MCTS:22.309342 Improve:0.024921 	 Time:16.03 Seconds
Solution: 1 58 167 83 151 59 10 92 121 192 54 162 39 108 181 38 138 149 88 15 136 122 8 129 113 116 28 21 22 133 104 183 91 24 11 156 119 142 86 78 109 76 82 165 177 73 61 13 186 60 163 31 25 179 176 187 112 157 62 65 120 23 81 70 172 16 132 87 33 190 12 72 146 140 42 164 102 52 170 106 69 68 2 14 114 195 95 20 158 153 200 35 30 141 47 145 198 93 17 97 134 160 101 199 175 6 189 155 66 105 191 34 128 18 144 147 85 89 51 56 44 178 168 130 159 19 3 75 36 37 57 94 117 74 173 193 84 53 196 125 118 29 90 169 5 46 161 49 99 4 26 115 111 43 127 27 110 184 123 135 126 150 107 77 171 103 148 154 188 185 50 98 166 139 174 63 71 7 137 48 124 9 143 197 180 40 45 55 79 80 41 182 152 67 194 100 96 64 131 32 

Inst_Index:96 	 City_Num:200 	 Concorde:21.501020 	 MCTS:21.567249 Improve:-0.066229 	 Time:16.15 Seconds
Solution: 1 177 192 147 104 194 64 87 15 129 66 49 29 18 107 105 159 30 199 97 149 47 165 198 179 195 109 152 146 196 54 26 191 12 38 188 119 137 5 111 157 140 71 33 121 40 124 168 184 102 123 36 115 103 151 163 186 135 128 89 34 81 164 51 82 57 113 133 174 96 77 138 156 100 154 68 67 74 176 91 43 172 94 84 10 120 75 92 44 11 134 118 170 169 28 171 143 158 178 95 22 17 122 200 59 20 117 153 160 37 182 55 23 83 90 175 125 7 60 52 50 139 185 88 180 53 42 131 61 14 150 24 187 173 76 99 181 27 13 101 6 8 2 9 16 78 39 79 193 70 45 80 72 108 190 65 148 141 144 56 19 167 197 155 41 142 32 4 98 73 161 126 25 35 136 69 86 58 85 145 127 63 166 46 62 162 114 106 21 183 130 116 189 112 93 48 31 110 132 3 


Index_In_Batch: 23, Avg_Concorde_Distance: 21.690641 Avg_MCTS_Distance: 21.727410 Avg_Gap: 0.001728 Total_Time: 65.34 Seconds 
 Beat_Best_Known_Times: 1 Match_Best_Known_Times: 0 Miss_Best_Known_Times: 3 
