Number_of_Instances_In_Current_Batch: 4

Inst_Index:57 	 City_Num:200 	 Concorde:21.387927 	 MCTS:21.350761 Improve:0.037166 	 Time:16.04 Seconds
Solution: 1 133 148 10 118 37 27 160 51 149 52 143 44 197 199 131 177 76 47 42 58 85 39 146 159 77 128 63 125 15 2 54 185 66 169 49 4 168 196 8 110 71 193 114 182 200 184 171 87 40 134 187 104 48 35 19 83 107 25 22 60 155 188 186 101 173 109 122 157 150 69 21 144 179 120 20 67 45 70 191 115 74 178 23 80 116 156 94 166 29 56 65 141 68 53 106 73 183 112 36 92 93 26 181 163 84 145 90 165 124 97 167 119 34 151 153 11 91 16 198 9 136 14 55 117 103 31 28 24 79 195 108 6 130 64 127 176 12 75 62 194 96 132 61 142 95 30 86 5 102 152 59 100 72 50 138 3 99 123 189 88 78 175 43 174 98 161 164 192 105 170 113 121 89 154 180 82 135 137 126 147 111 46 81 38 139 32 7 140 33 57 41 18 158 17 190 162 129 172 13 

Inst_Index:58 	 City_Num:200 	 Concorde:21.324310 	 MCTS:21.335748 Improve:-0.011437 	 Time:16.05 Seconds
Solution: 1 48 104 129 170 135 182 65 83 55 70 6 108 59 74 85 96 191 33 46 56 37 13 17 197 141 7 131 147 176 8 163 54 173 36 171 159 32 179 178 92 145 94 25 133 188 5 35 109 20 166 97 30 10 100 119 154 75 160 122 40 157 84 151 67 26 139 164 61 34 168 16 89 136 190 79 39 4 51 165 140 87 134 63 114 73 58 11 120 162 158 77 113 149 68 38 117 24 152 43 198 105 194 124 42 185 14 95 29 102 127 155 110 118 76 81 132 101 115 2 193 148 98 125 177 128 90 126 161 186 62 82 181 66 172 169 183 187 156 138 150 53 45 60 19 189 99 49 21 72 144 64 27 142 52 15 86 111 3 167 175 103 130 9 31 180 121 57 137 50 78 47 146 71 123 22 200 174 153 196 199 93 143 91 107 192 80 69 112 44 23 184 28 12 116 195 88 106 18 41 

Inst_Index:59 	 City_Num:200 	 Concorde:20.797519 	 MCTS:20.783983 Improve:0.013536 	 Time:16.05 Seconds
Solution: 1 99 41 114 15 152 150 109 172 143 32 81 131 153 75 17 127 161 185 148 43 103 3 195 87 61 122 167 64 194 126 174 117 77 46 176 121 105 165 21 18 149 67 187 162 107 57 158 45 82 124 76 89 166 170 65 116 184 173 79 69 137 63 133 14 23 141 123 74 196 62 8 38 33 154 40 6 47 180 142 175 29 27 108 100 16 164 144 113 85 60 119 140 155 80 147 4 193 11 78 156 120 53 25 188 44 135 54 19 101 129 128 37 20 163 98 102 68 28 95 125 181 183 36 192 49 151 73 50 59 92 189 111 134 106 84 58 10 197 182 70 177 72 34 13 2 31 51 200 26 56 115 118 97 178 66 39 90 169 199 171 104 110 160 83 93 94 146 130 91 112 190 48 136 132 159 96 42 198 9 139 24 157 168 179 191 7 88 71 22 5 35 52 30 86 138 12 145 186 55 

Inst_Index:60 	 City_Num:200 	 Concorde:21.147870 	 MCTS:21.169269 Improve:-0.021399 	 Time:16.00 Seconds
Solution: 1 152 153 129 31 193 111 64 12 15 47 100 11 176 29 102 42 13 185 192 43 27 3 134 159 93 30 116 187 79 20 6 46 169 109 165 167 28 9 65 131 174 124 199 142 23 41 149 78 177 130 52 139 19 146 17 158 107 92 70 49 103 171 48 168 120 170 72 66 75 51 128 105 97 45 173 126 82 71 144 141 110 24 188 67 18 4 189 180 190 25 148 175 10 59 127 157 7 61 118 5 99 83 39 77 195 113 181 119 62 86 91 121 143 89 40 178 53 57 133 164 112 145 160 95 125 63 147 88 104 98 14 33 106 8 32 123 115 163 197 16 84 35 94 200 179 135 132 191 44 182 50 162 37 155 166 151 138 122 38 54 196 76 198 81 58 96 161 194 68 140 114 55 74 186 85 87 22 56 21 36 184 26 150 80 101 136 73 154 34 172 117 108 137 60 183 69 156 2 90 


Index_In_Batch: 14, Avg_Concorde_Distance: 21.164407 Avg_MCTS_Distance: 21.159940 Avg_Gap: -0.000210 Total_Time: 66.19 Seconds 
 Beat_Best_Known_Times: 2 Match_Best_Known_Times: 0 Miss_Best_Known_Times: 2 
