Number_of_Instances_In_Current_Batch: 4

Inst_Index:5 	 City_Num:200 	 Concorde:21.367844 	 MCTS:21.350519 Improve:0.017325 	 Time:16.02 Seconds
Solution: 1 28 41 62 100 122 185 67 142 120 151 188 180 102 78 181 19 125 66 162 53 112 95 105 49 93 59 20 114 116 183 84 81 171 113 187 85 193 109 91 60 168 40 86 22 89 5 6 117 135 123 170 138 184 132 37 55 110 27 2 160 12 156 167 54 68 124 25 80 145 153 178 137 164 126 21 3 108 7 144 133 161 45 163 90 94 17 143 43 97 33 121 150 186 199 92 159 39 98 141 169 196 32 82 182 192 75 46 18 71 189 166 9 26 103 190 13 195 96 177 36 106 35 139 52 146 101 64 76 128 8 65 148 198 30 15 42 4 56 119 23 87 154 34 83 99 131 72 127 11 152 79 197 51 63 155 172 115 104 48 69 191 200 47 129 16 31 176 158 50 174 111 140 157 58 10 77 14 165 73 118 29 136 134 130 70 24 149 194 57 107 179 88 44 147 38 173 175 61 74 

Inst_Index:6 	 City_Num:200 	 Concorde:21.342453 	 MCTS:21.392474 Improve:-0.050021 	 Time:16.12 Seconds
Solution: 1 6 54 17 152 80 162 166 68 3 36 46 70 7 59 32 198 76 2 164 52 43 195 196 200 104 126 142 106 16 175 4 98 8 94 113 37 13 182 193 24 135 23 119 69 185 138 47 146 99 117 29 170 136 93 49 51 123 179 35 115 122 14 145 90 34 161 157 82 149 190 12 101 95 85 147 66 133 159 19 183 33 174 151 150 89 197 78 10 111 81 139 153 44 74 156 140 18 194 127 31 121 124 73 72 77 130 9 41 199 144 110 45 132 42 173 128 56 181 63 180 58 192 67 137 64 5 102 186 25 148 30 84 71 118 172 114 48 171 87 26 105 176 60 163 116 165 55 88 169 79 65 120 20 22 40 100 91 134 154 129 108 50 167 103 188 75 178 184 61 15 143 38 97 177 92 191 21 86 83 141 168 187 125 158 11 39 62 131 28 155 107 57 109 160 112 27 53 96 189 

Inst_Index:7 	 City_Num:200 	 Concorde:21.317862 	 MCTS:21.313214 Improve:0.004649 	 Time:16.06 Seconds
Solution: 1 80 26 63 98 41 167 69 192 6 102 174 154 65 19 184 18 2 101 139 61 86 114 200 47 122 44 157 58 188 17 141 82 91 127 22 20 72 128 57 181 66 56 31 126 59 187 179 105 145 23 55 9 125 68 108 76 172 110 104 99 67 16 123 107 164 77 175 96 81 45 5 115 24 131 50 28 62 48 93 199 153 136 38 39 97 177 138 124 158 13 64 149 94 70 78 189 8 135 92 148 132 112 14 118 191 168 151 171 111 29 95 40 27 46 197 155 88 190 195 85 183 150 74 182 3 137 147 11 32 103 194 146 170 79 15 159 196 133 113 53 4 198 43 100 161 144 166 87 160 169 116 21 60 37 12 152 89 109 52 185 129 140 84 178 51 30 33 186 173 121 119 117 90 75 162 163 142 130 34 180 83 165 73 176 71 36 193 25 134 42 143 10 35 106 7 120 156 49 54 

Inst_Index:8 	 City_Num:200 	 Concorde:21.114958 	 MCTS:21.114131 Improve:0.000827 	 Time:16.07 Seconds
Solution: 1 96 200 23 147 89 2 14 174 34 151 60 137 74 78 53 181 70 111 62 91 9 10 196 186 47 177 54 146 86 198 112 199 22 69 19 192 132 26 126 107 95 157 52 11 42 24 31 18 100 33 119 117 138 84 161 141 28 97 72 45 184 133 64 118 159 149 125 30 58 123 3 109 114 98 8 17 44 171 63 189 150 55 25 191 88 73 195 65 164 122 144 116 77 156 32 197 165 71 163 76 66 27 15 188 6 185 67 20 160 36 179 135 136 115 153 104 167 131 16 110 75 85 121 134 49 176 108 21 5 4 80 183 99 106 166 182 128 168 173 37 103 46 142 40 82 38 172 162 124 187 93 81 193 90 41 113 130 48 56 57 92 39 35 50 145 158 129 148 87 140 170 105 61 7 143 51 83 190 43 178 101 154 94 194 79 139 102 169 152 29 127 155 120 180 68 175 59 12 13 


Index_In_Batch: 1, Avg_Concorde_Distance: 21.285779 Avg_MCTS_Distance: 21.292584 Avg_Gap: 0.000319 Total_Time: 66.06 Seconds 
 Beat_Best_Known_Times: 3 Match_Best_Known_Times: 0 Miss_Best_Known_Times: 1 
