Number_of_Instances_In_Current_Batch: 4

Inst_Index:81 	 City_Num:200 	 Concorde:21.441936 	 MCTS:21.433034 Improve:0.008902 	 Time:16.04 Seconds
Solution: 1 187 154 91 147 87 32 192 153 129 123 92 184 17 28 167 43 78 173 11 96 59 73 76 40 99 191 51 98 30 102 155 23 108 22 162 8 130 150 41 104 44 145 85 3 15 168 34 131 31 112 14 159 149 185 128 83 48 197 53 137 94 111 133 125 172 81 88 200 114 106 105 5 64 115 124 151 101 56 6 2 175 180 126 89 156 132 9 146 110 174 90 121 86 138 176 16 36 127 80 49 42 122 169 61 160 181 178 166 189 67 13 18 188 103 24 69 10 198 199 70 72 139 60 77 194 109 74 196 117 161 33 136 39 25 157 45 171 71 35 54 141 144 46 143 62 29 7 66 183 27 4 19 152 21 47 135 37 179 119 20 50 57 84 97 100 182 12 82 142 113 52 193 58 148 68 79 26 55 163 38 63 134 120 190 75 107 186 177 116 140 158 164 195 93 118 170 65 95 165 

Inst_Index:82 	 City_Num:200 	 Concorde:21.044995 	 MCTS:21.089681 Improve:-0.044686 	 Time:16.00 Seconds
Solution: 1 86 107 183 173 52 132 137 164 125 117 127 27 72 7 92 3 144 171 85 170 48 66 155 124 197 73 78 65 140 165 138 44 25 110 15 162 103 49 12 200 14 39 120 121 37 53 161 195 102 88 151 179 41 50 188 91 128 74 123 196 67 167 194 156 163 147 139 100 42 101 84 5 61 181 90 6 29 4 80 166 43 19 28 69 178 160 180 26 148 18 149 119 104 158 136 76 159 47 152 191 2 168 175 105 109 11 133 60 8 58 182 79 184 35 95 97 154 77 62 40 118 51 38 134 96 94 55 13 36 106 21 54 63 116 187 59 9 71 112 57 24 31 169 82 126 113 17 87 32 111 10 68 176 70 93 189 22 64 114 142 193 186 172 45 146 75 157 129 130 174 177 150 34 20 33 131 30 190 185 199 108 135 141 89 192 99 198 46 83 23 81 98 153 145 16 143 56 115 122 

Inst_Index:83 	 City_Num:200 	 Concorde:20.504413 	 MCTS:20.536412 Improve:-0.031999 	 Time:16.21 Seconds
Solution: 1 121 16 111 120 147 133 98 112 106 14 125 130 104 122 88 117 65 158 126 178 191 46 135 3 199 176 20 194 136 37 80 33 82 119 71 137 179 173 5 48 76 22 34 171 177 115 180 101 157 50 116 4 42 102 77 9 138 154 23 166 95 83 156 70 47 7 52 172 30 57 192 21 148 18 144 67 97 164 27 129 68 160 165 127 167 10 128 28 36 45 96 74 175 56 145 19 188 162 12 184 35 13 161 139 40 89 69 99 87 29 63 58 73 59 168 109 100 11 159 108 131 146 92 107 182 90 2 8 185 118 94 6 62 189 38 124 200 60 151 105 181 174 25 163 31 43 149 113 78 75 15 140 134 49 183 186 187 84 193 26 170 91 41 198 32 103 190 39 51 79 93 61 132 153 55 66 53 143 169 150 72 197 141 123 81 44 142 195 110 155 24 54 64 152 196 86 114 17 85 

Inst_Index:84 	 City_Num:200 	 Concorde:21.202809 	 MCTS:21.313631 Improve:-0.110822 	 Time:16.08 Seconds
Solution: 1 157 83 145 177 103 40 68 96 119 30 38 49 101 108 130 28 170 91 46 186 43 134 180 153 193 47 42 112 102 29 199 44 9 74 100 95 53 99 93 94 121 154 122 62 171 81 84 50 166 162 60 10 139 131 97 86 141 172 67 69 191 136 88 71 179 35 144 168 17 175 125 54 160 129 190 111 36 58 20 132 82 178 159 174 181 118 63 64 147 146 150 155 110 197 148 15 169 24 116 156 188 133 56 127 105 6 140 92 89 183 12 18 152 41 79 124 176 117 48 123 45 104 32 115 135 5 27 16 149 70 107 128 143 52 2 77 59 34 151 138 25 194 26 142 109 120 195 161 198 22 189 4 126 158 173 31 137 85 165 167 66 57 106 65 163 98 78 33 61 7 51 13 8 90 73 80 184 192 19 76 185 3 75 87 196 113 37 164 200 21 11 72 14 55 182 23 39 114 187 


Index_In_Batch: 20, Avg_Concorde_Distance: 21.048538 Avg_MCTS_Distance: 21.093189 Avg_Gap: 0.002124 Total_Time: 66.04 Seconds 
 Beat_Best_Known_Times: 1 Match_Best_Known_Times: 0 Miss_Best_Known_Times: 3 
