Number_of_Instances_In_Current_Batch: 4

Inst_Index:125 	 City_Num:200 	 Concorde:22.228257 	 MCTS:22.268252 Improve:-0.039995 	 Time:16.09 Seconds
Solution: 1 152 8 190 6 133 165 45 169 11 64 132 113 200 162 112 98 170 20 173 30 193 137 167 24 61 114 7 5 115 174 2 28 128 161 95 107 144 142 83 198 178 50 176 93 89 155 188 33 67 148 70 14 119 80 124 149 35 153 191 189 12 72 97 56 117 150 22 78 18 123 103 43 21 122 69 127 76 48 60 102 55 41 147 39 141 118 34 82 181 186 187 32 140 65 9 194 179 47 158 168 10 92 197 84 135 26 57 136 17 62 23 172 116 177 183 54 91 125 130 131 199 75 192 154 139 46 88 166 111 151 171 53 163 196 138 96 51 31 120 159 160 195 100 106 157 146 86 73 37 104 77 182 156 143 15 29 49 81 184 58 42 59 3 40 90 108 87 101 79 185 129 164 68 25 145 27 126 109 44 66 105 94 110 16 13 63 71 19 52 180 74 36 85 4 121 99 38 134 175 

Inst_Index:126 	 City_Num:200 	 Concorde:21.007396 	 MCTS:21.004096 Improve:0.003300 	 Time:16.01 Seconds
Solution: 1 159 32 12 20 23 73 17 75 30 34 38 170 185 15 18 106 62 137 77 87 164 174 70 118 194 180 88 103 94 65 43 144 55 130 163 31 155 128 39 192 56 100 146 10 45 190 37 93 51 36 112 71 67 95 169 142 3 5 58 72 27 158 160 61 108 179 111 33 157 129 187 150 191 101 176 57 50 98 107 14 78 40 113 153 28 81 152 166 19 97 193 11 151 172 199 141 89 104 120 145 66 114 4 184 68 16 25 198 143 125 195 86 24 119 173 124 168 183 46 178 131 91 85 156 165 42 162 26 79 48 21 60 154 200 84 177 196 53 116 99 83 69 105 59 44 167 135 197 35 41 117 115 139 29 182 6 82 64 181 138 90 136 22 74 47 52 140 2 148 188 126 96 49 147 133 122 175 110 9 76 80 149 132 109 7 54 92 186 63 127 13 134 123 102 121 161 8 189 171 

Inst_Index:127 	 City_Num:200 	 Concorde:21.757830 	 MCTS:21.781388 Improve:-0.023558 	 Time:16.14 Seconds
Solution: 1 6 25 63 163 192 122 166 131 59 13 150 140 43 70 66 89 64 2 164 147 73 33 172 190 143 4 10 77 157 11 120 176 135 93 128 72 85 24 37 8 109 141 112 183 91 23 124 78 104 117 7 30 118 61 82 45 48 22 97 107 101 42 68 127 180 136 84 55 119 57 65 188 195 173 56 46 199 196 178 36 3 156 161 90 95 103 98 9 177 144 47 35 88 139 191 165 160 75 18 155 138 51 40 5 126 44 41 17 185 179 67 52 108 81 69 148 142 168 159 94 115 184 62 167 162 181 174 187 60 16 96 92 151 146 26 123 114 194 20 34 182 171 145 79 130 198 74 21 153 152 32 58 15 87 106 27 19 80 102 134 50 129 100 71 83 31 12 53 116 121 200 175 105 76 137 133 28 193 99 125 158 113 186 14 39 189 54 49 170 169 29 110 111 197 149 154 86 38 132 

Inst_Index:128 	 City_Num:200 	 Concorde:21.734611 	 MCTS:21.733801 Improve:0.000810 	 Time:16.05 Seconds
Solution: 1 126 39 66 49 25 80 35 44 78 52 130 145 45 69 56 160 81 30 141 127 5 4 87 60 94 32 167 63 2 163 65 102 199 117 13 106 17 71 188 179 47 12 76 24 162 197 147 11 131 64 133 149 103 156 88 115 119 107 67 185 95 194 91 75 86 142 177 84 31 89 7 104 152 169 72 51 62 154 187 42 58 20 168 129 37 155 148 122 193 57 54 135 93 195 159 98 190 137 83 10 192 176 132 6 59 172 23 111 15 198 70 34 182 36 50 48 16 112 180 74 33 178 99 43 27 79 9 171 151 28 153 113 200 175 21 41 29 166 186 77 158 184 157 146 170 14 101 174 134 191 92 110 97 181 128 8 73 55 18 114 143 38 124 123 46 22 139 105 68 40 90 61 150 136 85 108 189 3 140 26 161 144 118 121 116 82 19 138 183 53 173 165 100 96 164 120 125 196 109 


Index_In_Batch: 31, Avg_Concorde_Distance: 21.682023 Avg_MCTS_Distance: 21.696884 Avg_Gap: 0.000672 Total_Time: 65.62 Seconds 
 Beat_Best_Known_Times: 2 Match_Best_Known_Times: 0 Miss_Best_Known_Times: 2 
