Number_of_Instances_In_Current_Batch: 4

Inst_Index:97 	 City_Num:200 	 Concorde:21.250349 	 MCTS:21.297490 Improve:-0.047141 	 Time:16.05 Seconds
Solution: 1 100 195 130 135 144 180 12 27 165 26 42 89 160 5 193 37 194 92 133 119 99 157 102 75 188 50 86 80 182 181 54 196 58 11 25 69 114 2 154 103 44 66 31 140 147 152 17 176 97 21 187 197 36 49 32 30 110 70 169 190 96 113 91 59 85 34 177 41 126 186 47 107 56 84 72 129 179 20 83 93 51 131 71 109 175 134 120 45 122 60 167 81 24 168 48 189 53 23 33 145 166 118 185 171 117 172 76 35 184 153 39 8 13 161 191 108 15 164 136 104 146 192 67 46 106 150 88 137 105 19 78 6 43 132 57 14 183 159 198 74 158 138 82 101 62 87 173 29 162 200 9 16 156 65 61 170 55 77 149 111 28 63 52 125 163 128 94 112 73 142 199 79 38 115 121 148 7 4 3 127 68 123 116 40 64 90 151 10 18 98 22 95 178 124 141 174 139 155 143 

Inst_Index:98 	 City_Num:200 	 Concorde:21.433900 	 MCTS:21.433900 Improve:0.000000 	 Time:16.26 Seconds
Solution: 1 111 81 58 57 185 9 123 49 69 149 87 89 113 52 76 94 130 37 24 42 142 64 41 95 44 26 147 14 83 3 68 33 189 200 72 145 176 143 88 108 181 35 104 112 62 165 25 186 162 70 167 161 110 93 166 82 107 48 188 38 196 163 125 154 131 187 30 22 116 86 16 54 182 10 174 102 126 36 15 179 157 194 61 172 100 92 119 55 91 184 148 43 141 159 80 65 71 63 11 155 32 31 19 20 158 77 191 134 124 170 198 175 114 140 199 156 60 98 105 73 135 17 56 2 122 129 171 90 195 144 45 74 117 121 150 103 59 152 13 28 101 160 118 79 50 47 192 84 132 18 146 190 183 197 109 53 136 4 99 193 6 128 153 151 75 106 180 12 164 40 127 29 139 67 51 27 168 138 177 46 5 21 115 97 120 8 173 23 7 137 34 133 66 169 39 85 78 96 178 

Inst_Index:99 	 City_Num:200 	 Concorde:21.623921 	 MCTS:21.598735 Improve:0.025185 	 Time:16.09 Seconds
Solution: 1 32 169 77 121 190 200 148 154 189 166 139 13 11 141 168 42 6 63 99 12 40 65 91 147 66 123 74 2 143 109 100 172 142 101 137 135 140 184 68 98 167 24 86 144 50 87 131 117 67 129 41 162 191 97 183 16 118 102 29 49 44 133 52 8 38 152 57 93 160 75 14 72 175 37 15 84 113 43 25 199 47 7 130 146 176 159 197 104 82 94 88 163 194 9 27 161 39 178 193 170 18 17 180 70 62 23 58 59 64 108 195 124 21 83 198 132 31 128 28 51 187 115 78 136 53 45 181 55 114 111 36 153 30 177 155 151 188 35 79 157 54 122 134 4 196 105 145 34 3 125 165 185 90 69 150 61 179 95 164 92 22 56 26 186 60 71 33 85 119 138 174 127 149 182 46 107 192 10 20 112 76 80 19 89 5 171 126 173 158 116 73 106 48 96 103 120 110 156 81 

Inst_Index:100 	 City_Num:200 	 Concorde:21.846391 	 MCTS:21.878744 Improve:-0.032353 	 Time:16.08 Seconds
Solution: 1 185 148 182 85 75 45 172 9 198 139 90 175 117 83 129 151 169 49 138 147 22 27 46 14 144 174 91 5 105 186 7 25 135 42 161 112 55 111 152 134 180 38 67 118 73 21 120 99 184 56 72 87 10 104 126 131 6 17 199 173 178 28 127 58 74 20 166 130 136 34 116 195 149 196 31 78 133 69 107 102 179 43 132 26 94 23 143 188 95 29 70 96 60 32 142 163 65 121 170 57 16 157 155 168 97 40 128 68 63 79 24 41 93 137 54 183 50 103 51 48 122 176 140 39 190 146 108 189 84 33 192 47 162 187 88 109 3 158 77 44 114 82 125 193 30 36 106 76 164 61 89 191 19 53 181 64 113 18 98 167 35 8 15 12 123 81 66 194 154 150 171 52 100 124 160 200 101 156 115 165 119 59 197 11 62 145 177 13 86 4 159 2 92 110 153 37 141 71 80 


Index_In_Batch: 24, Avg_Concorde_Distance: 21.538640 Avg_MCTS_Distance: 21.552218 Avg_Gap: 0.000634 Total_Time: 66.55 Seconds 
 Beat_Best_Known_Times: 1 Match_Best_Known_Times: 1 Miss_Best_Known_Times: 2 
