Number_of_Instances_In_Current_Batch: 4

Inst_Index:73 	 City_Num:200 	 Concorde:20.466676 	 MCTS:20.489467 Improve:-0.022791 	 Time:16.06 Seconds
Solution: 1 62 26 105 59 21 31 82 49 29 167 83 139 196 98 158 171 77 70 97 114 156 30 58 160 92 44 107 170 68 198 57 169 40 178 33 134 35 104 161 14 27 189 125 55 143 90 123 73 48 72 115 91 47 64 188 185 175 86 136 5 10 42 109 56 39 41 102 110 6 18 113 3 101 2 138 163 71 106 111 16 200 173 38 183 179 199 15 119 79 75 61 36 37 193 122 146 8 78 151 46 176 65 85 133 153 11 191 93 69 154 150 128 95 172 148 141 145 195 25 96 87 135 166 4 20 88 147 184 194 100 50 157 168 142 34 174 80 190 74 129 187 155 9 51 103 67 127 53 89 22 137 162 76 66 84 130 164 19 165 60 186 13 32 112 177 94 120 144 81 17 45 12 149 140 52 124 132 180 28 118 192 197 152 23 54 181 182 7 121 63 159 108 131 43 116 24 126 117 99 

Inst_Index:74 	 City_Num:200 	 Concorde:21.752222 	 MCTS:21.764315 Improve:-0.012093 	 Time:16.05 Seconds
Solution: 1 21 176 144 108 6 121 142 124 69 93 195 98 15 99 138 96 125 94 24 62 4 2 169 85 191 22 27 81 155 3 59 67 29 159 188 50 178 152 114 77 12 131 163 158 42 72 20 5 33 17 10 116 173 182 136 198 74 19 83 84 97 38 145 48 87 179 16 140 171 170 90 128 100 105 132 26 18 150 148 73 120 43 135 175 102 52 118 134 189 30 79 127 82 32 34 110 194 200 65 49 167 76 129 161 23 153 164 123 147 190 146 101 71 166 25 75 187 165 78 143 183 61 162 130 63 51 117 35 40 160 111 104 139 177 185 149 184 88 45 64 70 95 46 60 137 86 55 53 174 92 8 157 39 91 186 14 197 107 36 56 141 28 7 66 133 126 58 68 57 168 192 31 119 106 115 199 41 80 122 196 154 109 44 151 13 193 47 172 103 37 156 181 11 54 113 180 112 89 9 

Inst_Index:75 	 City_Num:200 	 Concorde:21.693692 	 MCTS:21.644894 Improve:0.048798 	 Time:16.04 Seconds
Solution: 1 122 166 81 42 40 181 175 32 49 37 108 101 47 35 27 94 63 139 57 3 61 126 186 79 183 39 66 147 102 160 178 97 68 145 168 157 54 118 43 137 99 33 128 78 184 111 75 29 17 8 172 159 116 190 156 16 56 195 12 177 65 129 167 127 55 110 87 188 6 171 114 196 148 123 104 197 7 199 64 19 13 125 73 141 30 193 14 26 20 192 41 83 34 46 136 124 153 165 52 132 105 88 15 38 86 173 119 143 2 120 4 113 28 149 163 92 11 151 53 117 60 58 96 164 25 103 70 71 185 187 150 5 22 85 161 80 107 91 31 155 93 89 9 109 74 158 90 48 174 154 189 194 100 180 24 134 67 138 162 131 182 144 112 10 191 18 50 69 142 115 200 130 84 95 98 77 82 169 23 21 152 121 36 133 140 170 44 76 59 179 146 176 106 45 72 198 51 62 135 

Inst_Index:76 	 City_Num:200 	 Concorde:21.361205 	 MCTS:21.354905 Improve:0.006299 	 Time:16.01 Seconds
Solution: 1 179 90 116 69 178 4 175 121 19 28 118 186 188 54 127 111 36 200 58 22 167 146 174 2 138 46 40 106 136 141 113 24 75 72 14 85 92 153 10 199 45 16 42 143 103 47 39 43 182 30 135 78 98 88 133 137 149 156 8 26 67 100 176 134 11 110 160 89 189 162 120 108 196 125 49 131 168 71 6 122 77 37 129 34 151 51 119 101 126 17 73 83 48 21 81 150 29 105 192 154 33 44 87 145 169 194 181 170 80 20 57 180 198 27 164 193 157 104 59 55 35 191 64 86 190 18 56 3 79 95 184 197 102 50 159 84 25 5 62 38 152 183 70 161 117 112 132 172 163 12 140 171 185 76 187 147 139 82 115 53 13 52 63 32 128 15 31 107 166 173 130 96 155 7 144 94 124 23 148 99 91 61 93 60 66 158 9 123 41 74 65 109 177 195 97 68 114 142 165 


Index_In_Batch: 18, Avg_Concorde_Distance: 21.318449 Avg_MCTS_Distance: 21.313395 Avg_Gap: -0.000219 Total_Time: 65.92 Seconds 
 Beat_Best_Known_Times: 2 Match_Best_Known_Times: 0 Miss_Best_Known_Times: 2 
