Number_of_Instances_In_Current_Batch: 4

Inst_Index:69 	 City_Num:200 	 Concorde:21.842093 	 MCTS:21.836577 Improve:0.005516 	 Time:16.08 Seconds
Solution: 1 81 37 6 131 8 159 164 101 97 34 73 59 190 99 61 125 20 25 179 39 139 41 117 144 145 11 84 137 70 151 87 56 68 74 163 168 71 67 111 75 169 132 127 157 7 122 158 3 55 69 102 112 149 178 60 80 155 33 21 40 184 5 197 14 92 91 171 46 147 58 199 24 27 30 98 188 19 78 72 65 77 10 18 109 183 28 51 130 49 136 200 113 86 181 23 129 90 180 141 36 31 119 150 133 47 198 152 196 38 174 176 13 35 185 116 105 63 160 167 134 85 187 153 177 95 191 110 100 57 156 16 83 64 89 52 22 17 192 94 165 121 189 126 66 135 193 166 128 9 48 120 29 2 107 26 161 115 182 142 12 195 175 54 42 15 32 53 186 138 96 173 118 104 162 154 79 140 106 4 148 123 44 43 62 108 146 88 45 114 124 93 172 170 50 76 82 194 103 143 

Inst_Index:70 	 City_Num:200 	 Concorde:21.492732 	 MCTS:21.500781 Improve:-0.008049 	 Time:16.13 Seconds
Solution: 1 19 151 136 37 169 109 95 167 24 146 197 11 108 39 117 118 170 76 200 190 149 63 124 52 10 60 173 132 160 105 14 187 9 27 22 193 94 48 195 23 194 59 53 73 104 83 34 47 36 68 55 66 84 65 154 56 4 138 176 128 102 51 134 44 87 43 152 137 114 165 129 25 145 111 155 159 150 113 15 153 82 38 99 100 142 164 93 72 112 50 171 110 20 180 62 75 70 67 41 168 186 80 148 12 58 79 183 182 127 130 98 42 8 143 7 77 177 29 61 196 49 103 30 121 115 189 199 191 158 178 90 184 17 16 161 133 157 179 126 86 57 32 92 5 54 26 166 18 40 106 120 116 28 140 139 2 156 13 122 81 85 78 21 131 74 35 198 162 71 64 172 125 69 144 3 175 185 96 31 33 141 123 107 6 88 188 89 174 135 119 97 163 192 101 91 45 181 147 46 

Inst_Index:71 	 City_Num:200 	 Concorde:21.366183 	 MCTS:21.320876 Improve:0.045307 	 Time:16.11 Seconds
Solution: 1 154 196 111 156 134 177 187 135 23 17 20 3 87 102 160 46 197 9 139 14 63 40 26 15 2 89 88 18 76 94 66 60 170 126 108 151 178 92 22 200 44 38 13 61 179 161 72 175 54 118 24 129 141 172 157 58 132 168 100 186 146 109 50 30 7 84 121 29 142 16 191 67 124 195 53 128 42 90 165 10 70 162 182 180 31 6 95 48 28 113 143 104 85 41 147 65 57 83 81 166 74 174 103 12 107 192 189 159 167 169 148 115 98 140 183 91 49 198 130 73 105 34 194 123 21 117 71 199 19 77 138 27 101 176 112 5 51 119 155 62 133 99 184 120 56 11 171 35 64 127 93 193 47 33 45 114 106 164 59 181 185 25 55 152 137 69 163 131 158 86 4 116 96 190 150 39 125 52 173 75 82 36 188 145 43 37 97 149 8 79 153 80 78 32 136 68 110 122 144 

Inst_Index:72 	 City_Num:200 	 Concorde:20.909865 	 MCTS:20.976983 Improve:-0.067118 	 Time:16.00 Seconds
Solution: 1 120 174 132 28 50 186 106 53 182 85 58 66 77 122 49 80 87 141 194 164 94 97 52 31 41 189 200 191 47 183 158 121 17 18 151 5 79 109 180 149 16 4 111 12 42 168 91 21 51 178 59 45 13 108 112 126 195 145 38 89 147 133 107 15 157 3 123 177 2 56 61 88 113 27 102 48 70 127 14 143 166 185 129 6 163 172 82 78 9 105 125 65 23 83 96 152 103 137 198 76 19 173 181 75 7 73 104 118 33 60 153 193 160 68 144 30 136 71 130 114 190 37 99 184 188 40 131 93 175 35 117 95 119 34 10 139 197 81 36 92 167 62 124 55 155 72 196 165 192 154 110 146 176 162 69 170 150 169 20 29 57 161 32 171 43 134 138 98 159 101 116 140 86 67 63 46 74 11 135 148 187 156 84 54 115 39 100 142 179 8 24 199 25 26 64 22 44 128 90 


Index_In_Batch: 17, Avg_Concorde_Distance: 21.402718 Avg_MCTS_Distance: 21.408804 Avg_Gap: 0.000303 Total_Time: 65.33 Seconds 
 Beat_Best_Known_Times: 2 Match_Best_Known_Times: 0 Miss_Best_Known_Times: 2 
