Number_of_Instances_In_Current_Batch: 4

Inst_Index:13 	 City_Num:200 	 Concorde:20.688682 	 MCTS:20.813849 Improve:-0.125167 	 Time:16.01 Seconds
Solution: 1 193 83 126 151 9 86 130 109 129 44 23 162 191 49 196 140 189 121 3 30 100 106 148 128 66 78 32 52 132 108 104 97 6 183 31 89 99 15 19 88 170 172 21 64 195 13 67 119 164 84 73 43 61 168 161 46 178 60 107 98 65 133 76 173 57 197 155 22 79 41 62 160 63 112 59 17 56 117 50 194 26 118 69 29 39 102 176 34 136 7 70 105 36 72 188 141 80 171 131 48 167 12 158 94 18 74 125 51 42 182 87 101 116 45 150 124 38 71 75 149 95 192 81 187 85 68 54 165 25 146 5 135 24 139 40 53 111 186 163 138 174 120 91 175 27 82 14 58 47 200 143 166 2 137 134 28 179 147 113 198 16 157 115 123 156 185 110 55 159 10 90 33 154 93 92 190 144 35 184 77 127 177 153 145 103 20 169 199 152 122 142 114 96 11 37 180 181 8 4 

Inst_Index:14 	 City_Num:200 	 Concorde:21.587925 	 MCTS:21.557271 Improve:0.030654 	 Time:16.05 Seconds
Solution: 1 10 33 133 17 151 100 180 92 134 60 136 8 124 147 25 189 30 145 61 51 45 32 28 39 107 156 63 59 173 131 176 108 26 103 137 190 31 44 54 192 96 48 112 111 62 24 90 113 50 70 159 93 181 132 130 125 6 106 36 152 178 46 127 12 68 171 7 20 77 34 42 47 21 157 129 185 170 82 16 79 149 89 110 193 128 18 148 188 138 186 121 19 23 13 114 40 140 9 174 73 126 158 187 141 135 29 74 198 101 85 80 91 142 120 146 22 49 37 86 154 179 84 162 194 104 197 67 109 99 160 57 200 191 150 199 119 75 169 15 117 64 78 94 95 153 164 38 163 88 122 161 72 5 184 55 83 167 58 143 183 155 98 115 35 175 69 116 97 144 172 105 195 27 87 102 177 81 76 165 168 182 123 41 118 3 66 14 71 166 53 4 43 196 52 56 2 65 139 11 

Inst_Index:15 	 City_Num:200 	 Concorde:21.752848 	 MCTS:21.792185 Improve:-0.039337 	 Time:16.01 Seconds
Solution: 1 100 140 75 114 172 160 24 53 135 93 163 150 105 129 15 106 136 5 63 83 57 188 64 39 145 190 18 154 91 28 191 34 168 181 162 36 118 157 62 43 81 97 195 19 198 65 174 144 9 159 45 4 177 123 107 23 96 167 147 152 37 68 25 78 44 130 2 164 134 193 182 149 116 125 54 186 21 22 59 187 151 20 89 66 178 132 60 192 197 189 158 79 170 80 40 14 184 58 131 72 13 33 51 12 31 199 32 109 7 180 113 76 179 55 88 119 98 95 77 49 161 155 117 121 86 56 122 127 17 48 70 47 200 3 38 115 35 87 146 124 103 196 30 42 194 61 139 69 138 173 101 85 112 165 73 67 90 84 71 26 111 74 27 156 153 52 102 171 176 141 94 142 133 6 143 50 16 126 175 29 110 41 169 104 8 10 148 92 82 166 185 46 137 128 99 11 183 120 108 

Inst_Index:16 	 City_Num:200 	 Concorde:21.531921 	 MCTS:21.537840 Improve:-0.005918 	 Time:16.02 Seconds
Solution: 1 31 168 138 97 119 193 137 10 121 87 91 57 163 48 187 103 82 62 2 77 126 21 188 63 136 200 101 7 5 131 89 52 142 43 79 72 16 175 75 83 47 24 160 61 33 12 181 108 171 93 15 92 134 3 197 155 162 105 161 69 35 128 139 17 60 180 157 34 106 117 185 116 122 191 130 194 67 23 102 56 80 44 100 30 113 173 109 22 4 26 39 153 152 53 177 40 165 124 88 172 74 143 68 65 129 95 8 164 90 125 73 183 190 36 19 182 169 195 146 76 85 118 59 174 98 135 29 114 54 112 45 64 151 189 28 156 14 50 78 167 176 179 148 111 199 58 94 32 107 144 184 55 140 154 6 37 49 51 132 81 46 41 120 145 178 86 170 11 141 13 150 127 147 84 166 42 99 198 66 186 9 71 158 149 96 18 27 38 196 25 115 110 192 104 159 133 123 20 70 


Index_In_Batch: 3, Avg_Concorde_Distance: 21.390344 Avg_MCTS_Distance: 21.425286 Avg_Gap: 0.001678 Total_Time: 65.89 Seconds 
 Beat_Best_Known_Times: 1 Match_Best_Known_Times: 0 Miss_Best_Known_Times: 3 
