Number_of_Instances_In_Current_Batch: 4

Inst_Index:45 	 City_Num:200 	 Concorde:21.393097 	 MCTS:21.393061 Improve:0.000036 	 Time:16.05 Seconds
Solution: 1 194 125 191 56 186 124 197 122 62 144 102 38 193 149 140 195 182 7 113 143 69 176 71 166 74 40 160 146 114 98 12 87 83 31 48 120 86 39 61 126 167 96 133 58 138 88 51 4 77 42 199 173 67 107 142 46 63 78 85 141 152 188 99 134 109 65 175 174 180 119 139 187 100 110 82 36 29 184 135 27 165 153 168 116 53 132 108 54 72 101 68 95 172 28 24 189 15 18 13 22 136 154 70 190 105 55 104 3 92 89 10 5 157 11 183 2 158 112 123 181 91 151 170 129 25 145 192 6 60 93 19 17 80 171 148 75 23 37 179 97 14 128 90 103 33 164 47 163 161 117 196 147 81 21 50 8 131 57 35 16 76 130 49 26 118 73 200 162 94 41 32 52 59 169 155 34 66 178 198 115 106 79 137 45 127 44 156 9 30 111 121 64 177 150 43 185 20 159 84 

Inst_Index:46 	 City_Num:200 	 Concorde:21.356177 	 MCTS:21.346459 Improve:0.009718 	 Time:16.06 Seconds
Solution: 1 184 16 2 3 20 70 76 34 142 40 165 107 41 134 87 128 117 79 88 191 21 24 38 155 160 197 99 14 65 133 168 151 95 167 4 71 72 118 31 80 53 85 187 102 94 67 106 46 103 25 108 150 43 15 161 200 92 125 90 183 12 97 131 7 178 69 182 129 66 192 136 196 52 162 199 164 48 174 173 49 149 147 32 36 138 61 122 163 126 39 50 11 152 115 91 62 98 110 13 180 158 10 124 30 17 45 77 143 114 166 81 172 139 194 105 171 123 47 64 84 23 181 100 93 112 170 153 19 73 104 18 193 37 44 156 42 116 35 60 29 55 27 154 130 127 111 22 26 198 86 185 175 96 54 186 120 63 74 33 8 109 177 195 56 119 6 78 121 58 190 148 132 169 189 28 5 140 157 9 57 89 144 135 179 101 176 82 75 141 145 188 51 146 159 59 137 83 113 68 

Inst_Index:47 	 City_Num:200 	 Concorde:21.654261 	 MCTS:21.653929 Improve:0.000332 	 Time:16.00 Seconds
Solution: 1 171 152 96 85 21 44 114 87 193 86 19 36 178 106 140 61 167 177 60 161 187 64 159 94 153 123 70 122 110 170 150 155 136 166 158 191 196 137 97 163 47 120 164 109 101 31 12 183 73 62 34 188 157 129 88 69 52 17 33 125 8 142 200 58 84 83 20 67 132 138 126 185 59 26 35 130 156 141 93 117 13 54 55 181 18 2 113 32 10 173 81 184 112 39 172 23 41 111 131 68 37 135 72 25 46 49 76 103 134 128 9 186 99 121 77 154 127 168 40 192 102 4 53 190 133 199 22 160 89 78 5 179 57 80 98 79 124 180 43 65 28 14 162 29 189 143 116 63 145 119 95 24 194 176 45 169 147 146 16 7 48 144 30 104 105 3 100 66 175 139 151 165 27 107 82 50 38 75 74 118 182 149 197 198 148 51 108 91 115 195 56 90 15 42 11 174 6 71 92 

Inst_Index:48 	 City_Num:200 	 Concorde:21.288361 	 MCTS:21.271843 Improve:0.016518 	 Time:16.03 Seconds
Solution: 1 154 146 153 187 68 15 161 135 116 49 76 167 180 47 184 197 120 94 186 128 64 108 105 150 148 86 43 33 23 193 80 71 143 75 165 87 51 159 53 81 19 55 31 27 89 6 58 126 99 113 175 141 110 67 28 93 127 140 136 195 178 139 171 142 34 183 109 100 160 129 188 111 163 145 102 119 200 38 198 95 30 61 107 69 117 60 78 72 24 96 56 35 25 190 22 174 77 164 9 11 74 92 17 59 169 16 83 21 149 85 39 138 73 115 158 62 132 162 14 137 57 82 199 41 189 90 5 3 114 185 4 10 173 170 36 155 91 166 181 42 50 54 98 122 40 97 147 156 48 191 63 79 44 168 194 37 131 151 26 182 177 13 196 66 29 192 176 125 52 152 7 12 70 112 101 179 65 32 84 20 157 88 18 133 134 118 121 8 106 103 124 2 123 130 144 46 104 172 45 


Index_In_Batch: 11, Avg_Concorde_Distance: 21.422974 Avg_MCTS_Distance: 21.416323 Avg_Gap: -0.000312 Total_Time: 65.50 Seconds 
 Beat_Best_Known_Times: 4 Match_Best_Known_Times: 0 Miss_Best_Known_Times: 0 
