Number_of_Instances_In_Current_Batch: 4

Inst_Index:1 	 City_Num:200 	 Concorde:21.593119 	 MCTS:21.642057 Improve:-0.048938 	 Time:16.08 Seconds
Solution: 1 69 153 39 113 59 170 108 21 93 136 115 155 122 73 135 127 30 198 6 199 84 71 125 183 186 75 51 12 112 182 111 173 17 190 165 149 67 98 110 89 116 131 18 191 104 172 145 22 99 72 64 157 158 70 114 200 163 81 156 162 117 45 79 63 195 102 80 105 197 176 159 194 166 130 101 41 52 124 185 19 142 147 192 36 140 90 2 119 97 150 161 180 137 42 193 66 144 87 54 13 169 11 120 187 34 43 58 37 14 103 35 95 96 46 86 10 178 143 129 168 134 196 32 138 85 44 171 78 132 9 146 177 148 188 94 74 106 60 92 7 65 184 55 25 48 160 141 23 88 154 151 4 109 123 152 83 91 61 40 82 179 62 107 49 8 133 31 28 175 57 15 47 53 24 56 50 33 189 76 27 164 128 118 181 100 68 77 139 126 26 29 121 38 5 174 167 3 16 20 

Inst_Index:2 	 City_Num:200 	 Concorde:20.630109 	 MCTS:20.610388 Improve:0.019722 	 Time:16.01 Seconds
Solution: 1 154 193 10 3 70 155 145 108 176 26 167 116 178 65 177 77 134 181 122 46 157 162 67 85 21 96 115 28 190 120 41 40 191 196 159 75 97 36 146 52 147 127 107 185 44 199 87 69 124 175 6 130 101 164 64 17 16 156 76 198 15 106 81 83 143 195 90 117 158 22 86 84 100 104 112 27 174 150 121 119 12 35 102 14 39 89 19 55 118 73 57 165 172 80 105 60 128 48 34 200 170 42 103 93 168 166 2 171 5 49 31 4 179 23 188 95 187 140 183 45 126 94 139 123 78 24 82 144 63 13 33 66 125 197 135 138 56 161 53 131 186 137 88 142 18 141 32 113 153 43 110 160 62 79 151 59 136 129 61 169 38 163 8 111 91 47 173 9 194 58 114 72 30 152 68 133 184 180 74 109 98 182 132 20 11 29 92 189 71 54 148 50 7 149 51 37 192 25 99 

Inst_Index:3 	 City_Num:200 	 Concorde:21.490173 	 MCTS:21.478302 Improve:0.011871 	 Time:16.05 Seconds
Solution: 1 148 94 7 130 18 199 128 151 139 170 157 40 88 164 48 28 97 42 41 52 181 86 133 193 141 155 178 120 135 59 58 161 114 176 106 95 191 38 168 134 152 119 12 146 64 147 115 76 154 159 92 124 172 29 104 16 153 188 110 177 21 101 198 13 3 9 79 74 80 158 103 45 140 182 71 46 39 2 184 37 49 62 36 189 57 23 118 171 112 156 121 183 150 174 10 132 55 4 20 65 81 123 163 22 30 50 73 98 190 197 129 87 56 166 66 180 187 126 89 8 105 145 107 43 78 179 113 33 131 196 136 6 54 108 17 109 51 162 19 111 24 82 192 100 15 69 143 77 61 96 186 149 144 195 35 102 165 175 11 60 167 116 93 137 31 142 32 47 68 85 14 160 200 84 26 72 91 138 5 173 44 127 25 27 185 70 194 90 125 34 99 53 83 169 63 67 122 117 75 

Inst_Index:4 	 City_Num:200 	 Concorde:21.496334 	 MCTS:21.557980 Improve:-0.061646 	 Time:16.08 Seconds
Solution: 1 111 119 200 3 93 70 85 79 98 189 161 63 10 120 34 42 52 157 128 185 172 197 43 92 144 150 102 166 159 32 162 196 56 155 44 21 47 165 36 193 127 64 28 114 46 191 167 186 57 96 122 160 103 2 84 110 146 183 94 5 22 78 37 100 58 95 171 104 19 149 91 164 54 154 117 66 35 60 82 40 24 148 179 50 7 15 124 151 81 143 192 73 115 177 138 130 41 27 194 39 141 61 129 134 99 59 33 168 176 153 195 16 8 182 77 69 105 72 20 199 136 26 48 131 175 108 83 51 132 75 89 118 198 156 12 147 53 109 163 9 76 170 45 106 13 11 112 80 152 62 158 67 74 18 190 174 65 133 188 187 184 125 181 4 6 97 137 101 135 25 31 140 107 139 123 86 71 180 30 145 88 173 169 126 23 90 38 68 142 55 29 113 49 87 17 116 178 121 14 


Index_In_Batch: 0, Avg_Concorde_Distance: 21.302434 Avg_MCTS_Distance: 21.322182 Avg_Gap: 0.000906 Total_Time: 65.49 Seconds 
 Beat_Best_Known_Times: 2 Match_Best_Known_Times: 0 Miss_Best_Known_Times: 2 
