Number_of_Instances_In_Current_Batch: 4

Inst_Index:33 	 City_Num:200 	 Concorde:21.659218 	 MCTS:21.612567 Improve:0.046651 	 Time:16.07 Seconds
Solution: 1 195 129 17 78 178 20 133 101 115 151 65 181 22 114 189 9 175 52 16 184 191 168 190 5 158 159 132 166 54 197 89 111 79 95 152 4 57 94 185 126 8 118 150 119 130 156 33 98 58 30 24 96 66 13 55 83 74 140 143 120 46 131 19 49 43 99 71 107 173 41 37 186 134 64 171 76 2 60 138 108 39 10 170 23 6 67 92 88 44 77 32 141 45 104 61 15 14 180 31 164 198 38 162 179 62 160 135 28 127 91 40 80 112 124 69 122 142 82 200 12 27 187 36 103 21 113 26 56 84 136 110 163 183 188 125 63 25 176 48 81 196 148 128 51 192 117 116 59 87 137 105 145 194 73 155 167 109 147 50 199 106 169 86 177 93 70 34 53 7 29 42 165 193 121 102 72 172 11 174 154 85 161 47 90 139 35 75 18 68 97 182 153 123 149 157 3 100 146 144 

Inst_Index:34 	 City_Num:200 	 Concorde:21.662388 	 MCTS:21.645243 Improve:0.017146 	 Time:16.11 Seconds
Solution: 1 193 32 72 176 68 45 92 140 130 24 174 11 38 102 3 136 91 113 71 52 41 179 158 137 26 143 169 183 83 187 13 154 117 79 4 36 173 184 25 78 151 12 188 14 161 6 141 21 191 56 84 63 110 69 128 76 2 155 82 170 157 55 49 70 153 101 62 80 30 74 108 147 138 181 39 167 93 75 104 144 189 65 19 64 100 66 97 31 22 168 89 116 177 35 125 98 194 123 50 81 46 7 17 86 165 59 54 105 43 132 60 182 51 115 152 109 40 146 190 172 73 27 33 29 195 149 103 16 9 48 96 57 5 34 95 185 196 8 197 42 126 124 139 94 150 119 61 178 85 134 106 175 121 148 162 186 58 163 145 199 198 160 23 135 47 37 18 122 118 77 111 171 156 15 114 44 107 159 67 192 127 20 28 88 180 166 133 112 99 90 10 129 200 120 142 164 87 131 53 

Inst_Index:35 	 City_Num:200 	 Concorde:20.914359 	 MCTS:20.996008 Improve:-0.081649 	 Time:16.01 Seconds
Solution: 1 179 80 22 180 104 176 174 94 118 170 150 175 71 26 189 53 172 163 66 121 134 92 11 17 4 16 115 57 39 75 167 54 132 34 165 200 122 68 190 164 112 27 76 171 100 139 184 186 32 70 162 140 119 45 81 93 138 46 131 160 123 84 95 47 85 62 20 79 156 90 56 21 8 98 59 149 65 2 185 145 143 158 18 133 6 9 89 91 161 188 82 64 108 19 50 142 107 110 3 125 181 153 61 135 197 49 97 72 33 41 43 5 146 129 126 78 58 51 137 148 144 42 178 24 103 111 13 183 37 191 29 194 77 130 173 86 166 60 169 14 154 147 55 141 127 152 48 99 124 193 105 67 30 199 52 196 128 88 69 106 195 44 28 31 102 36 151 23 168 101 136 117 63 15 159 120 96 10 198 7 177 12 25 157 40 35 182 187 83 114 73 192 74 155 38 87 109 116 113 

Inst_Index:36 	 City_Num:200 	 Concorde:22.062743 	 MCTS:22.086579 Improve:-0.023836 	 Time:16.02 Seconds
Solution: 1 43 183 41 190 107 120 97 9 110 147 192 29 118 44 199 38 169 35 176 33 144 109 10 31 45 34 135 200 140 70 175 25 129 179 130 193 154 163 131 186 79 114 180 160 82 86 168 90 93 19 60 184 20 148 51 196 164 96 59 12 77 136 98 172 58 108 91 11 165 3 47 17 6 121 173 103 67 105 57 22 88 178 37 15 64 134 167 119 8 157 141 124 181 54 26 39 138 197 195 143 49 2 65 128 92 101 55 68 83 80 125 46 72 42 151 116 133 23 127 4 106 18 145 171 16 113 5 146 32 74 161 132 95 24 174 112 27 36 85 94 69 152 61 81 117 115 89 142 13 102 194 153 28 30 150 84 75 62 158 40 87 187 21 149 159 50 73 156 123 166 99 71 53 189 198 14 7 66 63 162 170 52 111 126 188 139 182 191 155 76 185 48 122 56 100 177 137 78 104 


Index_In_Batch: 8, Avg_Concorde_Distance: 21.574677 Avg_MCTS_Distance: 21.585099 Avg_Gap: 0.000510 Total_Time: 65.67 Seconds 
 Beat_Best_Known_Times: 2 Match_Best_Known_Times: 0 Miss_Best_Known_Times: 2 
