Number_of_Instances_In_Current_Batch: 4

Inst_Index:45 	 City_Num:200 	 Concorde:21.393097 	 MCTS:21.357732 Improve:0.035364 	 Time:16.10 Seconds
Solution: 1 194 125 191 56 186 124 197 122 62 144 102 38 193 149 140 195 182 7 113 143 69 176 71 166 74 40 160 146 114 98 12 87 83 31 48 120 86 39 61 126 167 96 133 58 138 88 51 4 77 42 199 173 67 107 142 46 63 78 85 141 152 188 99 134 109 65 175 174 180 119 139 187 100 110 82 36 29 184 135 27 165 153 168 116 53 132 108 54 72 101 68 95 172 28 24 189 15 18 13 22 136 154 70 190 105 55 123 112 181 91 151 170 158 3 104 92 89 10 5 157 11 2 183 129 25 145 192 6 60 93 19 17 80 171 148 75 23 37 179 97 14 128 90 103 33 164 47 163 161 117 196 147 81 21 50 8 131 57 35 16 76 130 49 26 118 73 200 162 94 41 32 52 59 169 155 34 66 178 198 115 106 79 137 45 127 44 156 9 30 111 121 64 177 150 43 185 20 159 84 

Inst_Index:46 	 City_Num:200 	 Concorde:21.356177 	 MCTS:21.363174 Improve:-0.006997 	 Time:16.01 Seconds
Solution: 1 68 113 83 137 59 159 146 51 188 145 141 75 82 176 101 179 135 144 89 57 9 157 140 5 28 189 169 132 148 190 58 121 78 6 119 56 195 177 109 8 33 74 63 120 186 54 96 175 185 86 198 26 22 111 127 130 154 27 55 29 35 116 42 156 44 37 193 18 104 60 19 73 153 170 112 93 100 181 23 84 64 47 123 171 105 194 139 172 81 166 114 143 77 45 17 30 124 10 158 180 13 110 98 62 91 115 152 11 50 39 126 163 122 61 138 36 32 147 149 49 173 174 48 164 199 162 52 196 136 192 66 129 182 69 178 7 131 97 12 183 90 125 92 200 161 15 43 150 108 25 103 46 106 67 94 102 187 85 53 80 31 118 72 71 4 167 95 151 168 133 65 14 99 197 160 155 38 24 21 191 88 79 117 128 87 134 41 107 165 40 142 34 76 70 20 3 2 16 184 

Inst_Index:47 	 City_Num:200 	 Concorde:21.654261 	 MCTS:21.664825 Improve:-0.010564 	 Time:16.02 Seconds
Solution: 1 171 152 96 85 21 44 114 87 193 86 19 36 178 106 140 61 167 177 60 161 187 64 159 94 153 123 70 122 110 170 150 155 136 166 158 191 196 137 97 163 47 120 164 109 101 31 12 183 73 62 34 188 157 129 88 69 52 17 33 125 8 142 200 58 84 83 20 67 132 138 126 185 59 26 35 130 156 141 93 117 124 89 78 5 179 133 199 22 160 54 13 55 181 18 2 113 32 10 173 81 184 112 39 172 23 41 111 131 68 37 135 72 25 46 49 76 103 134 128 9 186 99 121 77 154 127 168 40 192 102 4 53 190 57 80 98 79 180 43 65 28 14 162 29 189 143 116 63 145 119 95 24 194 176 45 169 147 146 16 7 48 144 30 104 105 3 100 66 175 139 151 165 27 107 82 50 38 75 74 118 182 149 197 198 148 51 108 91 115 195 56 90 15 42 11 174 6 71 92 

Inst_Index:48 	 City_Num:200 	 Concorde:21.288361 	 MCTS:21.270944 Improve:0.017417 	 Time:16.04 Seconds
Solution: 1 165 87 75 51 159 143 71 80 193 23 148 105 150 53 81 19 55 31 27 89 6 58 126 99 113 175 141 110 67 28 93 127 140 136 195 178 139 171 142 34 183 109 100 160 129 188 111 163 145 102 119 200 38 198 95 30 61 107 69 117 60 78 72 24 96 56 35 25 190 22 174 77 164 9 11 74 92 17 59 169 16 83 21 149 85 39 138 73 115 158 62 132 162 14 137 57 82 199 41 189 90 5 3 114 185 4 10 173 170 36 155 91 166 181 42 50 54 98 122 40 97 147 156 48 191 63 79 49 76 167 180 47 184 197 186 128 64 108 86 43 33 94 120 146 154 153 187 68 15 161 135 116 44 168 194 37 131 151 26 182 177 13 196 66 29 192 176 125 52 152 7 12 70 112 101 179 65 32 84 20 157 88 18 133 134 118 121 8 106 103 124 2 123 130 144 46 104 172 45 


Index_In_Batch: 11, Avg_Concorde_Distance: 21.422974 Avg_MCTS_Distance: 21.414169 Avg_Gap: -0.000414 Total_Time: 65.53 Seconds 
 Beat_Best_Known_Times: 2 Match_Best_Known_Times: 0 Miss_Best_Known_Times: 2 
