Number_of_Instances_In_Current_Batch: 4

Inst_Index:85 	 City_Num:200 	 Concorde:21.738933 	 MCTS:21.718690 Improve:0.020244 	 Time:16.09 Seconds
Solution: 1 65 188 37 27 30 83 147 47 171 153 134 182 35 120 22 4 64 160 125 180 115 132 112 33 13 196 97 90 20 135 72 156 54 164 149 41 48 56 179 7 62 79 38 14 170 187 198 93 89 181 118 10 165 128 25 66 163 36 50 84 9 172 52 167 45 98 81 141 60 51 108 186 150 143 168 96 46 78 151 148 92 24 140 190 17 113 199 176 129 124 133 3 105 39 109 184 200 178 61 8 74 57 95 44 161 55 101 11 119 173 121 191 106 146 145 70 63 162 102 157 58 88 114 185 144 40 6 99 107 29 71 192 34 193 177 152 67 82 80 130 2 94 87 166 31 116 16 26 127 32 103 49 183 5 194 86 85 18 175 104 42 12 69 91 117 19 155 21 100 23 139 137 195 68 197 158 28 131 126 73 159 154 122 76 174 123 43 169 138 110 53 136 142 189 111 15 75 77 59 

Inst_Index:86 	 City_Num:200 	 Concorde:21.127468 	 MCTS:21.109881 Improve:0.017587 	 Time:16.03 Seconds
Solution: 1 145 130 105 153 143 4 12 146 123 76 66 136 132 40 144 175 116 5 200 14 27 20 198 137 61 181 120 126 164 82 46 176 140 170 97 47 26 64 36 151 166 41 94 63 53 161 152 51 16 59 138 55 81 163 142 182 128 24 173 147 92 191 125 192 131 185 196 3 124 15 88 174 42 87 133 99 188 38 178 80 113 10 65 169 23 159 69 17 32 177 100 139 156 39 115 106 121 141 8 129 186 60 148 31 110 119 154 44 29 112 84 168 6 155 56 171 135 72 19 172 74 25 102 49 30 150 104 114 101 165 58 21 78 45 71 158 68 73 184 179 180 89 54 7 85 2 28 157 67 95 122 22 194 190 107 34 43 117 111 18 160 167 13 70 193 149 96 83 35 98 79 50 103 187 77 37 9 90 199 197 93 134 48 127 189 109 11 162 52 86 108 183 195 57 33 62 75 91 118 

Inst_Index:87 	 City_Num:200 	 Concorde:20.758163 	 MCTS:20.754885 Improve:0.003278 	 Time:16.03 Seconds
Solution: 1 37 173 6 15 106 16 123 187 81 137 169 97 68 36 64 9 148 184 150 93 140 174 66 167 110 113 22 23 44 147 4 57 172 88 30 105 107 18 91 84 25 103 95 28 53 33 48 24 135 10 200 192 188 55 12 186 130 129 80 34 166 109 102 11 71 47 138 108 116 164 74 170 20 114 76 111 168 132 177 160 175 54 85 119 155 104 94 21 157 59 46 87 145 79 38 183 98 112 163 162 149 40 7 194 143 92 73 63 197 99 65 181 178 189 82 49 136 161 39 185 50 159 176 42 69 13 152 67 142 154 62 3 117 198 96 126 171 78 122 115 144 26 118 75 41 5 124 29 101 43 58 128 196 83 125 52 156 19 139 190 35 45 131 61 17 146 121 60 2 134 31 27 195 193 141 32 86 8 153 199 179 158 165 51 89 127 72 120 70 151 90 180 77 191 100 14 182 56 133 

Inst_Index:88 	 City_Num:200 	 Concorde:21.229122 	 MCTS:21.230258 Improve:-0.001135 	 Time:16.02 Seconds
Solution: 1 184 6 54 86 175 22 104 119 164 196 106 189 88 69 198 21 129 191 8 162 87 31 140 75 146 43 12 179 78 110 177 142 68 97 10 147 45 28 156 124 29 111 99 144 17 25 199 193 115 200 155 167 70 181 109 138 182 187 61 65 11 30 186 35 145 60 192 171 154 128 16 108 62 3 48 169 157 165 130 148 197 185 166 5 116 20 36 2 183 100 117 23 85 83 18 95 105 176 132 133 149 40 84 33 107 103 125 123 170 44 172 82 131 90 32 153 127 114 118 94 188 72 63 102 93 49 67 56 134 15 89 135 136 9 4 101 139 13 66 57 80 39 143 120 122 158 150 51 59 50 76 178 52 96 168 26 173 46 161 58 163 180 55 19 41 37 73 174 81 126 195 113 64 98 53 14 160 121 38 24 77 151 42 152 7 91 47 74 190 137 112 141 34 159 71 194 27 79 92 


Index_In_Batch: 21, Avg_Concorde_Distance: 21.213422 Avg_MCTS_Distance: 21.203428 Avg_Gap: -0.000467 Total_Time: 66.21 Seconds 
 Beat_Best_Known_Times: 3 Match_Best_Known_Times: 0 Miss_Best_Known_Times: 1 
