Number_of_Instances_In_Current_Batch: 4

Inst_Index:89 	 City_Num:200 	 Concorde:21.405636 	 MCTS:21.434254 Improve:-0.028618 	 Time:16.06 Seconds
Solution: 1 119 165 68 186 99 65 185 97 140 90 37 164 146 51 88 175 15 42 179 189 47 95 67 16 84 197 33 134 181 110 107 176 106 111 150 92 98 66 72 80 196 49 50 162 6 155 184 44 100 116 78 199 94 38 18 41 120 87 64 160 114 178 59 34 91 56 86 170 128 21 81 122 11 152 23 177 200 8 105 25 5 26 89 63 4 30 55 168 141 127 190 126 198 191 58 3 163 118 188 183 85 133 10 74 9 77 103 143 20 60 113 138 187 159 62 12 117 101 40 147 43 79 48 172 52 46 169 182 167 151 156 132 121 39 75 96 57 31 123 131 158 145 157 193 115 195 61 102 19 70 45 28 13 27 17 161 153 76 137 174 135 32 14 104 36 53 130 149 171 148 129 125 136 124 93 154 109 54 82 142 2 7 173 180 144 22 194 139 83 24 108 166 112 192 71 69 35 29 73 

Inst_Index:90 	 City_Num:200 	 Concorde:20.842458 	 MCTS:20.803904 Improve:0.038555 	 Time:16.00 Seconds
Solution: 1 81 110 187 58 94 43 135 130 8 195 128 119 120 14 160 80 129 105 95 10 64 82 180 131 5 186 30 193 35 36 56 176 77 40 143 109 76 11 153 54 19 175 2 133 20 177 26 63 117 157 138 188 102 7 181 100 6 87 68 112 71 85 140 3 173 191 9 149 174 152 45 67 194 167 197 24 162 41 148 113 184 142 74 60 62 29 156 124 78 168 52 166 83 53 145 158 106 111 170 99 4 101 38 155 146 107 21 12 154 48 98 127 163 69 159 70 171 17 25 55 104 23 182 27 97 50 47 91 31 75 115 51 169 137 161 44 61 116 79 147 189 122 34 46 196 118 165 88 151 89 66 93 164 125 92 59 183 39 198 199 178 139 57 179 103 37 192 134 49 22 15 190 123 33 121 172 86 72 13 84 132 114 200 136 90 28 108 18 65 150 144 126 42 96 16 185 73 32 141 

Inst_Index:91 	 City_Num:200 	 Concorde:21.829598 	 MCTS:21.813432 Improve:0.016166 	 Time:16.05 Seconds
Solution: 1 113 76 144 109 36 57 17 198 45 117 10 153 142 55 2 115 137 105 80 178 98 15 85 67 125 84 112 170 167 25 135 108 102 132 179 128 64 28 44 6 20 34 154 22 168 16 187 42 46 41 163 3 78 136 184 91 107 181 174 4 94 14 89 88 155 59 72 171 23 161 146 66 58 110 96 32 19 60 193 127 90 119 56 35 152 61 164 134 71 159 114 172 176 7 123 133 11 122 30 68 53 173 18 97 111 75 93 50 158 195 103 87 130 166 99 140 185 81 126 83 31 121 143 65 131 82 13 33 63 40 49 92 129 162 200 51 101 120 69 147 180 52 70 26 182 79 8 48 5 138 189 9 118 77 12 104 199 29 86 175 188 197 106 39 150 73 190 165 100 157 191 194 139 148 95 62 47 124 183 24 43 145 21 149 177 27 74 186 156 169 54 37 160 192 116 141 38 196 151 

Inst_Index:92 	 City_Num:200 	 Concorde:21.025036 	 MCTS:21.043531 Improve:-0.018495 	 Time:16.08 Seconds
Solution: 1 104 94 84 119 64 117 198 147 35 86 91 143 159 140 96 137 20 136 43 75 58 103 188 110 66 17 180 157 169 166 183 8 146 88 19 115 164 108 162 139 173 26 79 81 40 12 59 97 78 193 130 14 57 186 56 176 61 18 69 151 76 53 42 178 15 52 28 92 34 197 95 160 73 31 68 150 13 187 129 127 112 30 101 10 200 85 195 155 185 98 106 6 144 80 89 154 72 65 67 107 41 189 114 38 33 120 124 70 113 47 128 100 22 63 175 105 125 29 23 122 87 135 24 5 145 51 45 131 21 62 199 90 192 181 48 7 39 36 27 4 71 118 111 16 123 170 168 11 44 126 196 191 109 153 49 93 132 54 156 77 149 190 184 152 83 9 167 133 148 141 179 177 165 2 25 116 142 134 158 60 37 102 163 171 121 55 3 194 50 99 174 74 161 46 172 182 82 138 32 


Index_In_Batch: 22, Avg_Concorde_Distance: 21.275682 Avg_MCTS_Distance: 21.273780 Avg_Gap: -0.000093 Total_Time: 65.70 Seconds 
 Beat_Best_Known_Times: 2 Match_Best_Known_Times: 0 Miss_Best_Known_Times: 2 
