Number_of_Instances_In_Current_Batch: 4

Inst_Index:49 	 City_Num:200 	 Concorde:21.409612 	 MCTS:21.384727 Improve:0.024885 	 Time:16.19 Seconds
Solution: 1 125 79 199 172 64 128 28 165 36 66 89 11 123 137 46 158 142 17 120 54 167 143 170 192 49 69 34 35 5 59 20 29 39 118 45 139 130 162 110 8 188 77 76 15 95 200 90 114 55 180 51 42 94 60 7 175 88 96 145 168 9 135 132 133 100 18 32 134 44 92 169 193 176 115 121 187 196 182 10 152 108 105 52 41 83 178 106 177 146 75 131 62 186 195 102 16 104 12 107 124 25 148 23 78 161 72 81 58 111 40 22 127 101 63 122 190 99 84 173 197 160 37 98 109 33 185 73 194 189 183 24 74 138 4 53 67 126 70 97 191 38 149 68 119 184 80 2 117 112 103 136 50 30 157 164 87 171 6 154 155 48 179 93 113 151 43 47 150 14 85 56 13 181 31 91 144 86 26 153 174 129 166 198 61 65 57 27 140 159 21 141 147 156 163 116 3 71 19 82 

Inst_Index:50 	 City_Num:200 	 Concorde:21.972555 	 MCTS:21.972555 Improve:-0.000000 	 Time:16.02 Seconds
Solution: 1 154 2 90 3 151 200 43 159 145 171 44 161 18 74 5 46 111 50 120 58 35 17 77 49 144 26 94 89 19 104 103 113 143 114 133 23 167 55 30 146 181 20 199 182 148 16 131 140 129 73 185 96 183 27 82 100 169 153 108 160 165 155 136 57 91 42 163 196 14 67 34 83 24 47 149 81 93 197 115 64 192 125 138 142 80 194 38 22 191 107 195 92 99 139 85 175 177 40 8 37 76 79 110 141 128 158 60 28 51 71 180 186 86 116 123 75 156 173 52 45 13 187 53 70 184 11 39 41 179 65 157 117 87 134 102 168 176 170 119 84 12 193 69 152 72 109 21 63 147 172 127 101 32 25 78 31 9 88 121 62 61 178 4 15 150 174 36 122 95 118 162 164 29 10 106 6 59 7 98 126 105 33 132 97 198 48 190 135 166 124 130 188 137 112 68 189 56 54 66 

Inst_Index:51 	 City_Num:200 	 Concorde:20.183482 	 MCTS:20.183482 Improve:0.000000 	 Time:16.05 Seconds
Solution: 1 199 109 157 30 174 4 159 166 130 60 116 93 41 35 105 26 19 61 88 86 2 81 62 196 68 100 126 67 32 16 12 83 22 38 165 6 147 200 85 197 115 190 59 92 106 14 117 140 110 20 135 89 145 98 13 102 94 95 52 27 33 146 193 80 164 138 77 46 113 149 96 18 39 8 188 66 50 74 108 49 118 150 187 82 141 40 111 63 10 104 194 160 5 142 179 101 143 168 28 23 180 137 91 153 107 163 139 132 9 15 177 185 84 47 171 58 73 156 129 170 3 144 53 184 57 103 195 37 178 152 43 119 21 128 87 191 17 181 133 56 151 122 155 42 121 114 70 127 79 97 161 134 78 69 48 162 24 11 124 75 76 34 192 99 154 198 65 173 169 136 172 36 51 44 175 125 112 64 186 148 182 189 25 31 71 167 7 90 120 29 158 45 55 176 54 131 123 183 72 

Inst_Index:52 	 City_Num:200 	 Concorde:22.489573 	 MCTS:22.489352 Improve:0.000220 	 Time:16.00 Seconds
Solution: 1 29 52 126 31 90 189 78 107 111 139 130 160 59 162 16 86 125 140 149 58 103 137 35 181 186 51 155 8 112 142 36 84 99 154 17 104 92 188 148 9 95 77 124 62 15 180 157 120 53 24 174 131 150 113 45 10 93 128 96 116 152 11 76 37 187 82 72 117 6 94 64 197 136 159 61 191 48 60 44 65 178 43 88 158 118 185 190 163 19 57 198 87 172 41 173 147 176 20 56 66 145 55 195 4 171 108 184 168 54 196 144 83 134 68 25 182 122 110 119 40 133 105 138 164 132 129 114 70 175 7 67 47 74 179 80 98 23 199 169 27 14 13 3 32 73 71 5 194 135 161 127 141 156 146 97 106 75 18 170 30 153 26 42 123 50 34 63 167 12 38 166 85 79 165 33 100 151 192 101 81 89 109 21 183 28 193 22 102 46 2 69 115 200 143 39 91 121 177 49 


Index_In_Batch: 12, Avg_Concorde_Distance: 21.513805 Avg_MCTS_Distance: 21.507529 Avg_Gap: -0.000293 Total_Time: 66.01 Seconds 
 Beat_Best_Known_Times: 2 Match_Best_Known_Times: 2 Miss_Best_Known_Times: 0 
