Number_of_Instances_In_Current_Batch: 4

Inst_Index:57 	 City_Num:200 	 Concorde:21.387927 	 MCTS:21.350761 Improve:0.037166 	 Time:16.00 Seconds
Solution: 1 133 148 10 118 37 27 160 51 149 52 143 44 197 199 131 177 76 47 42 58 85 39 146 159 77 128 63 125 15 2 54 185 66 169 49 4 168 196 8 110 71 193 114 182 200 184 171 87 40 134 187 104 48 35 19 83 107 25 22 60 155 188 186 101 173 109 122 157 150 69 21 144 179 120 20 67 45 70 191 115 74 178 23 80 116 156 94 166 29 56 65 141 68 53 106 73 183 112 36 92 93 26 181 163 84 145 90 165 124 97 167 119 34 151 153 11 91 16 198 9 136 14 55 117 103 31 28 24 79 195 108 6 130 64 127 176 12 75 62 194 96 132 61 142 95 30 86 5 102 152 59 100 72 50 138 3 99 123 189 88 78 175 43 174 98 161 164 192 105 170 113 121 89 154 180 82 135 137 126 147 111 46 81 38 139 32 7 140 33 57 41 18 158 17 190 162 129 172 13 

Inst_Index:58 	 City_Num:200 	 Concorde:21.324310 	 MCTS:21.335748 Improve:-0.011437 	 Time:16.09 Seconds
Solution: 1 41 18 106 88 195 116 12 28 184 23 44 112 69 80 192 107 91 143 93 199 196 153 174 200 22 123 71 146 47 78 50 137 57 121 180 31 9 130 103 175 167 3 111 86 15 52 142 27 64 144 72 21 49 99 189 19 60 45 53 150 138 156 187 183 169 172 66 181 82 62 186 161 126 90 128 177 125 98 148 193 2 115 101 132 81 76 118 110 155 127 102 29 95 14 185 42 124 194 105 198 43 152 24 117 38 68 149 113 77 158 162 120 11 58 73 114 63 134 87 140 165 51 4 39 79 190 136 89 16 168 34 61 164 139 26 67 151 84 157 40 122 160 75 154 119 100 10 30 97 166 20 109 35 5 188 133 25 94 145 92 178 179 32 159 171 36 173 54 163 8 176 147 131 7 141 197 17 13 37 56 46 33 191 96 85 74 59 108 6 70 55 83 65 182 135 170 129 104 48 

Inst_Index:59 	 City_Num:200 	 Concorde:20.797519 	 MCTS:20.819730 Improve:-0.022211 	 Time:16.10 Seconds
Solution: 1 99 41 80 155 147 4 193 11 78 156 120 53 25 188 44 135 54 19 101 129 128 37 20 163 98 102 68 28 95 125 181 183 36 192 49 151 73 50 59 92 189 111 134 106 84 58 10 197 182 70 177 72 34 13 2 31 51 200 26 56 115 118 97 178 66 39 90 169 199 171 104 110 160 83 93 94 146 130 91 112 190 48 136 132 159 96 42 198 9 139 24 157 168 179 191 7 88 71 22 5 35 52 30 86 138 145 12 150 152 109 172 143 32 81 131 153 75 17 127 161 185 148 43 103 3 195 87 61 122 167 64 194 126 174 117 77 46 176 121 105 165 21 18 149 67 187 162 107 57 158 45 82 124 76 89 166 170 65 116 184 173 79 69 137 63 133 14 23 141 123 74 196 62 8 38 33 154 40 6 47 180 142 175 29 27 108 100 16 164 144 113 85 60 119 140 15 114 186 55 

Inst_Index:60 	 City_Num:200 	 Concorde:21.147870 	 MCTS:21.194120 Improve:-0.046250 	 Time:16.11 Seconds
Solution: 1 90 2 156 69 183 60 137 11 100 176 47 29 154 34 136 101 80 73 150 26 184 36 21 56 22 87 85 186 74 55 114 140 68 194 79 187 20 6 161 96 58 81 198 76 196 54 38 122 138 151 166 155 37 162 50 182 44 191 132 135 179 200 94 35 84 16 197 163 115 123 32 8 106 33 14 98 104 88 147 63 125 95 160 145 112 164 133 57 53 178 40 89 143 121 91 86 62 119 181 195 113 77 39 83 99 5 118 61 7 157 127 59 10 175 148 25 172 117 108 190 180 189 4 18 67 188 24 110 141 144 71 82 126 173 45 97 105 128 51 75 66 72 170 120 168 48 171 103 49 70 92 107 158 17 146 19 139 52 130 177 78 149 41 23 142 199 124 174 131 65 9 28 167 165 46 109 169 116 30 93 159 134 3 27 43 192 185 13 42 102 15 12 64 111 193 31 129 153 152 


Index_In_Batch: 14, Avg_Concorde_Distance: 21.164407 Avg_MCTS_Distance: 21.175090 Avg_Gap: 0.000513 Total_Time: 65.34 Seconds 
 Beat_Best_Known_Times: 1 Match_Best_Known_Times: 0 Miss_Best_Known_Times: 3 
