Number_of_Instances_In_Current_Batch: 4

Inst_Index:37 	 City_Num:200 	 Concorde:21.542481 	 MCTS:21.519733 Improve:0.022748 	 Time:16.05 Seconds
Solution: 1 114 122 87 68 35 26 11 72 181 178 91 45 141 48 41 109 188 131 20 148 6 125 89 168 43 5 77 102 169 128 36 139 160 52 157 112 58 164 12 8 66 132 165 3 126 78 80 174 65 133 79 17 142 108 38 173 193 163 92 127 24 49 90 2 22 84 42 95 130 28 106 145 99 56 19 54 191 192 82 7 136 101 25 29 73 153 159 70 4 93 180 161 115 13 116 96 98 69 111 140 51 34 61 146 195 175 47 86 189 50 75 103 31 39 40 190 60 149 197 23 76 117 33 94 46 170 138 44 134 135 63 182 88 85 156 200 107 71 143 113 171 199 177 176 121 120 196 110 21 194 155 184 32 119 123 186 183 10 14 62 172 162 16 74 57 150 185 129 151 167 9 152 64 137 18 83 97 104 124 144 154 81 67 187 27 166 15 179 55 118 37 100 53 30 158 59 198 147 105 

Inst_Index:38 	 City_Num:200 	 Concorde:21.888876 	 MCTS:21.943474 Improve:-0.054598 	 Time:16.01 Seconds
Solution: 1 71 47 70 6 3 107 169 132 164 26 59 197 88 104 142 34 170 79 119 68 154 118 114 46 147 194 50 163 100 7 134 41 73 65 39 51 176 145 180 152 45 25 77 186 138 13 193 167 2 16 10 172 143 109 173 106 66 183 80 111 136 151 112 198 60 139 177 157 81 188 137 144 187 196 102 135 133 199 98 87 185 127 31 146 40 91 125 11 33 189 18 158 83 14 108 22 29 99 159 44 124 24 121 12 89 32 200 130 64 27 9 179 42 86 61 165 94 85 75 182 116 149 90 195 178 28 30 181 129 192 52 175 23 92 126 93 160 57 76 74 122 103 55 58 62 56 72 190 174 110 21 166 153 37 43 63 101 15 168 17 53 5 54 184 155 191 82 19 117 84 156 162 150 35 141 148 115 97 105 95 96 78 69 38 67 171 20 131 128 48 49 123 161 4 36 113 140 8 120 

Inst_Index:39 	 City_Num:200 	 Concorde:21.414689 	 MCTS:21.397061 Improve:0.017627 	 Time:16.00 Seconds
Solution: 1 198 29 42 169 156 35 157 51 132 17 150 107 28 126 102 84 147 119 172 175 2 167 115 67 71 52 121 60 145 183 117 134 83 33 26 166 40 6 200 182 47 4 15 24 50 46 108 179 22 114 135 49 196 189 122 164 118 86 173 97 110 165 127 80 21 68 137 94 103 37 56 69 146 96 181 171 192 89 106 141 163 48 62 170 138 151 61 158 187 194 11 116 120 73 76 174 111 190 41 140 65 63 105 8 19 155 92 136 130 124 180 176 87 57 70 77 93 64 191 13 153 161 25 143 82 142 27 75 148 5 59 186 66 74 184 195 109 129 139 34 32 154 168 44 98 39 131 95 53 197 152 9 54 81 20 38 123 36 99 18 162 79 159 199 149 90 91 177 144 193 104 188 101 7 12 3 78 100 125 133 10 45 88 16 58 85 160 128 30 31 72 14 178 113 185 43 112 23 55 

Inst_Index:40 	 City_Num:200 	 Concorde:21.205338 	 MCTS:21.297814 Improve:-0.092475 	 Time:16.02 Seconds
Solution: 1 79 24 16 138 61 140 196 142 146 199 120 43 84 166 141 119 183 17 105 111 35 30 168 160 88 65 181 132 57 7 110 14 6 174 89 58 171 95 47 63 81 73 11 157 113 161 78 167 145 112 56 52 10 173 116 129 127 179 87 151 96 189 169 41 144 186 164 31 33 86 40 38 75 62 109 193 152 155 102 153 90 182 12 128 99 3 72 180 130 66 162 49 80 44 118 139 70 198 54 46 103 156 125 39 18 76 29 114 59 93 42 107 19 176 200 60 45 170 83 187 9 190 148 123 178 8 147 69 165 194 51 134 74 185 37 98 27 126 150 71 104 28 55 124 64 97 195 177 108 92 149 115 100 13 22 137 48 77 50 53 36 117 143 91 85 82 131 101 184 25 4 191 15 21 159 67 122 192 158 163 121 34 20 135 154 23 68 172 133 175 136 26 188 106 94 197 2 32 5 


Index_In_Batch: 9, Avg_Concorde_Distance: 21.512846 Avg_MCTS_Distance: 21.539521 Avg_Gap: 0.001244 Total_Time: 65.11 Seconds 
 Beat_Best_Known_Times: 2 Match_Best_Known_Times: 0 Miss_Best_Known_Times: 2 
