Number_of_Instances_In_Current_Batch: 4

Inst_Index:17 	 City_Num:200 	 Concorde:20.968243 	 MCTS:20.942122 Improve:0.026121 	 Time:16.01 Seconds
Solution: 1 129 65 193 8 142 168 84 166 46 20 60 105 57 54 83 27 169 33 172 21 11 75 37 124 95 149 158 133 157 92 12 51 163 131 49 100 2 101 141 17 164 196 52 155 77 55 78 140 72 186 145 4 30 159 156 188 194 183 18 42 102 24 109 96 14 94 86 71 136 31 177 167 198 23 97 178 126 113 137 43 34 7 41 6 67 19 182 150 123 191 161 152 85 199 69 82 127 88 138 89 70 87 179 50 128 62 117 146 5 148 110 130 132 160 15 91 170 154 40 56 103 180 25 9 80 139 122 190 153 16 120 99 195 147 165 44 121 144 114 115 59 22 39 181 173 143 74 184 45 175 174 111 185 118 64 116 112 192 10 47 81 63 107 58 73 200 28 53 171 76 38 189 98 29 134 119 135 162 3 187 197 26 108 48 68 151 106 66 13 61 125 104 36 35 90 79 32 93 176 

Inst_Index:18 	 City_Num:200 	 Concorde:21.693040 	 MCTS:21.677702 Improve:0.015338 	 Time:16.13 Seconds
Solution: 1 198 174 139 117 122 107 41 143 169 86 43 33 127 84 166 187 98 39 175 137 73 167 50 58 171 160 155 176 72 28 36 114 146 3 116 81 177 38 64 87 119 32 62 156 164 15 7 51 82 158 104 66 68 113 170 161 92 47 91 149 42 37 2 109 96 16 135 183 70 63 124 165 22 56 57 182 6 23 30 101 159 17 12 134 199 76 95 88 145 126 97 24 193 181 61 141 67 52 35 20 130 65 102 90 168 40 79 74 194 138 192 120 188 112 9 162 189 34 140 75 115 4 60 8 121 11 142 197 77 163 178 110 118 144 125 185 180 148 103 29 172 26 80 131 100 186 25 173 133 129 54 53 200 191 5 45 196 18 157 78 48 190 150 195 99 27 132 147 10 108 69 153 123 83 13 136 152 55 179 44 85 128 31 59 49 154 19 111 105 14 106 93 46 71 184 89 94 151 21 

Inst_Index:19 	 City_Num:200 	 Concorde:21.058727 	 MCTS:21.052502 Improve:0.006225 	 Time:16.06 Seconds
Solution: 1 106 124 114 67 60 150 51 33 91 181 178 61 18 149 129 131 76 156 133 103 122 190 200 66 98 113 53 96 72 83 165 17 158 130 107 196 146 50 115 152 111 86 42 128 161 23 136 77 195 52 168 185 78 74 99 94 192 79 105 162 141 118 6 57 174 9 179 28 70 40 188 175 126 135 90 34 26 153 160 7 183 198 46 194 193 127 134 48 58 55 123 147 38 88 93 25 85 104 36 32 148 80 142 172 140 112 169 22 138 197 163 171 75 39 151 81 8 199 69 159 44 12 92 14 100 187 47 3 62 20 31 157 121 154 2 63 37 13 87 144 21 19 5 191 173 182 16 49 166 54 71 10 68 184 41 108 15 145 65 125 143 119 180 56 139 189 30 186 43 73 102 176 120 4 109 59 117 177 167 29 110 132 137 116 45 64 35 82 101 95 89 164 27 155 84 24 170 11 97 

Inst_Index:20 	 City_Num:200 	 Concorde:21.230322 	 MCTS:21.302143 Improve:-0.071821 	 Time:16.01 Seconds
Solution: 1 84 65 191 14 144 186 146 11 123 149 117 129 156 107 38 24 159 88 135 72 121 173 177 44 113 95 150 10 39 90 74 41 111 188 37 162 55 116 3 148 4 53 115 12 119 94 54 16 181 62 101 30 66 154 29 193 15 34 36 45 78 178 199 106 69 77 170 76 158 143 2 20 139 67 183 56 109 174 195 105 68 160 140 19 110 182 49 128 64 7 145 73 163 70 126 104 168 86 171 80 131 28 151 8 31 118 35 179 79 120 196 194 167 42 132 17 114 187 40 197 13 190 100 83 6 103 48 33 22 97 184 18 137 58 71 52 192 124 43 142 85 172 99 130 134 166 185 136 47 112 57 60 147 175 125 82 9 200 127 153 180 122 26 96 165 75 92 46 189 32 98 27 93 81 152 63 21 141 133 169 87 102 157 164 59 5 108 155 91 51 138 89 176 25 61 23 50 161 198 


Index_In_Batch: 4, Avg_Concorde_Distance: 21.237583 Avg_MCTS_Distance: 21.243617 Avg_Gap: 0.000284 Total_Time: 65.91 Seconds 
 Beat_Best_Known_Times: 3 Match_Best_Known_Times: 0 Miss_Best_Known_Times: 1 
