Number_of_Instances_In_Current_Batch: 4

Inst_Index:105 	 City_Num:200 	 Concorde:21.832143 	 MCTS:21.860951 Improve:-0.028808 	 Time:16.01 Seconds
Solution: 1 4 200 66 76 121 163 91 189 161 191 86 115 142 111 30 84 162 197 145 193 113 90 103 25 108 110 72 117 12 87 26 129 151 57 71 46 183 168 182 56 6 164 45 78 186 65 69 54 85 94 135 24 175 127 125 150 157 3 37 165 68 33 173 34 184 44 97 62 98 154 144 73 59 51 143 138 28 17 60 126 52 8 187 43 199 93 35 99 31 20 178 180 179 32 149 114 92 29 190 2 39 55 81 195 109 139 159 160 120 152 123 177 128 53 188 130 156 21 107 146 132 7 170 38 40 13 176 89 140 82 36 19 174 102 88 167 166 148 192 153 18 47 83 5 134 112 122 185 15 172 11 171 104 23 100 61 14 49 22 48 9 105 16 64 181 137 198 101 196 147 75 116 119 124 194 70 41 95 63 67 155 27 96 10 133 131 79 169 106 77 50 80 74 58 42 136 141 118 158 

Inst_Index:106 	 City_Num:200 	 Concorde:21.969092 	 MCTS:21.942797 Improve:0.026295 	 Time:16.04 Seconds
Solution: 1 23 79 191 143 46 77 2 120 189 123 76 103 19 43 44 121 10 114 144 163 132 69 131 92 119 74 177 180 187 162 174 64 138 5 116 60 31 68 94 110 109 22 80 105 16 148 175 24 32 42 75 93 97 14 133 149 118 107 197 84 78 139 104 170 117 145 165 127 190 12 192 134 21 142 147 37 140 48 57 179 184 186 188 56 126 182 91 106 20 58 3 13 81 102 200 66 15 26 115 171 199 49 161 25 98 181 129 4 11 158 156 62 125 151 39 101 100 146 7 40 59 99 33 47 155 17 54 18 154 63 112 87 27 194 122 128 36 52 51 9 50 169 6 70 73 88 111 159 196 113 172 124 152 61 173 67 135 30 72 29 157 35 108 90 85 34 195 136 167 168 45 83 193 176 198 183 95 153 130 71 164 41 96 185 150 166 160 178 137 89 8 86 55 53 28 65 141 38 82 

Inst_Index:107 	 City_Num:200 	 Concorde:22.257999 	 MCTS:22.326616 Improve:-0.068617 	 Time:16.08 Seconds
Solution: 1 175 9 187 191 15 29 52 49 12 138 125 30 124 90 139 190 185 21 122 51 169 38 120 64 166 184 50 182 156 129 88 193 4 93 71 195 85 10 92 192 73 188 55 135 103 5 146 86 134 32 72 143 119 116 158 58 45 14 25 46 111 18 101 87 159 36 75 194 79 20 162 144 113 13 26 68 78 76 179 62 53 95 65 189 173 131 176 31 66 197 141 133 140 40 100 106 77 114 112 54 80 128 81 7 84 199 127 117 165 98 150 16 178 28 17 63 181 186 126 82 163 102 164 34 109 148 152 155 142 35 200 19 61 47 57 168 198 153 151 56 39 154 99 121 60 123 145 23 157 83 91 167 59 41 94 33 180 89 108 3 161 27 24 96 107 48 170 74 67 2 118 137 115 104 160 132 136 174 6 130 43 70 147 37 177 11 69 171 172 97 149 196 105 8 22 42 44 183 110 

Inst_Index:108 	 City_Num:200 	 Concorde:21.222829 	 MCTS:21.236941 Improve:-0.014112 	 Time:16.06 Seconds
Solution: 1 53 32 88 122 95 191 158 6 93 70 96 129 37 165 144 68 160 64 190 85 9 12 75 39 44 69 97 38 155 49 123 109 63 52 94 126 150 82 119 193 18 145 138 149 7 112 55 124 110 2 21 127 23 171 91 111 46 43 128 73 40 178 173 167 184 58 34 99 125 192 33 107 71 79 16 8 57 100 154 176 102 10 3 156 29 103 19 78 159 76 84 188 42 180 131 168 197 177 98 50 113 118 61 4 141 51 136 24 194 174 175 195 116 80 162 15 172 179 164 121 27 22 170 134 67 56 105 86 140 132 130 196 72 137 13 153 65 133 146 106 48 108 183 47 187 142 31 28 92 5 87 62 11 117 89 198 81 25 200 169 14 135 185 36 115 41 104 101 77 148 83 90 152 139 35 166 143 26 30 17 182 45 66 120 20 60 147 163 157 74 181 189 186 151 199 54 161 59 114 


Index_In_Batch: 26, Avg_Concorde_Distance: 21.820516 Avg_MCTS_Distance: 21.841826 Avg_Gap: 0.000968 Total_Time: 65.74 Seconds 
 Beat_Best_Known_Times: 1 Match_Best_Known_Times: 0 Miss_Best_Known_Times: 3 
