Number_of_Instances_In_Current_Batch: 4

Inst_Index:125 	 City_Num:200 	 Concorde:22.228257 	 MCTS:22.270594 Improve:-0.042338 	 Time:16.04 Seconds
Solution: 1 175 134 38 99 121 4 85 36 74 180 52 19 71 63 13 16 110 94 105 66 44 109 126 27 145 25 68 164 129 185 79 101 87 108 90 40 3 59 42 58 184 81 49 29 15 143 156 182 77 104 37 73 86 146 157 106 100 195 160 159 91 125 54 183 130 154 139 31 51 96 120 138 196 163 53 171 151 111 46 88 166 192 75 199 131 177 116 172 23 62 17 136 57 26 135 84 197 92 10 168 158 47 179 194 9 65 140 32 187 186 181 82 34 118 141 39 147 41 55 102 60 48 76 127 69 122 21 43 103 123 18 78 22 150 117 56 97 72 12 189 191 153 35 149 124 80 119 14 70 148 67 33 188 155 89 93 176 50 178 198 83 142 144 107 95 161 128 2 28 7 174 5 115 114 61 24 167 137 193 30 173 20 170 98 112 162 200 113 132 64 11 169 45 165 133 6 190 8 152 

Inst_Index:126 	 City_Num:200 	 Concorde:21.007396 	 MCTS:21.018793 Improve:-0.011397 	 Time:16.03 Seconds
Solution: 1 171 189 8 161 121 102 123 134 13 127 63 186 92 54 7 109 132 149 80 76 9 110 175 122 133 147 49 96 126 188 148 2 140 52 47 74 22 136 90 138 181 64 82 6 182 29 139 115 117 41 35 197 135 167 44 59 105 69 83 99 116 53 196 177 84 200 154 60 21 48 79 26 162 42 165 156 85 91 131 178 46 183 168 124 173 119 24 86 195 125 143 198 25 16 68 184 4 114 66 145 120 104 89 141 199 172 151 11 193 97 19 166 152 81 28 153 113 40 78 14 107 98 50 57 176 101 191 150 187 129 157 33 111 179 108 61 160 158 72 27 3 142 169 95 67 71 112 36 51 93 37 190 45 10 146 100 56 192 128 39 88 180 194 103 94 65 130 163 31 155 5 58 55 144 43 118 70 174 164 87 77 137 62 106 18 15 185 170 38 34 30 75 17 73 23 20 12 32 159 

Inst_Index:127 	 City_Num:200 	 Concorde:21.757830 	 MCTS:21.829395 Improve:-0.071565 	 Time:16.04 Seconds
Solution: 1 132 38 86 154 149 197 111 110 29 169 170 49 54 189 39 14 186 113 158 125 99 193 28 137 133 183 91 23 124 78 104 117 30 7 138 155 18 75 160 165 191 144 47 35 88 139 40 51 5 126 44 41 17 185 179 67 52 76 81 108 69 105 175 200 121 116 53 12 31 83 71 100 129 50 134 102 80 19 27 106 87 15 58 32 152 153 21 74 198 130 79 145 171 182 34 20 194 114 123 26 146 151 92 96 16 60 187 174 115 184 62 167 162 181 148 142 168 159 94 9 177 98 103 95 90 161 156 3 36 178 196 199 46 56 173 195 188 65 57 119 55 84 136 180 127 68 42 101 107 97 22 48 82 61 118 45 109 112 141 8 37 24 85 72 128 93 135 176 120 11 157 77 10 4 143 190 172 33 73 147 164 2 64 89 66 70 43 140 150 13 59 131 166 122 192 163 63 25 6 

Inst_Index:128 	 City_Num:200 	 Concorde:21.734611 	 MCTS:21.739837 Improve:-0.005226 	 Time:16.10 Seconds
Solution: 1 126 39 66 49 25 80 35 44 78 52 130 145 45 69 56 160 81 30 141 127 5 4 87 60 94 32 167 63 2 163 65 102 199 117 13 106 17 71 188 179 47 12 76 24 162 197 147 11 131 64 133 149 103 156 88 115 119 107 67 185 95 194 91 75 86 142 177 84 31 89 7 104 152 169 72 51 62 154 187 42 58 20 168 129 37 155 148 122 193 57 54 135 93 195 159 98 190 137 83 10 192 176 132 6 59 172 23 111 15 198 70 34 182 36 50 48 16 112 180 74 33 178 99 43 27 79 9 171 151 28 153 113 200 175 21 41 29 166 40 186 77 158 101 14 134 174 191 92 110 97 181 128 8 73 55 18 114 143 38 124 123 46 22 139 170 146 157 184 68 105 90 61 150 136 85 108 189 3 140 26 161 144 118 121 116 82 19 138 183 53 173 165 100 96 164 120 125 196 109 


Index_In_Batch: 31, Avg_Concorde_Distance: 21.682023 Avg_MCTS_Distance: 21.714655 Avg_Gap: 0.001494 Total_Time: 65.64 Seconds 
 Beat_Best_Known_Times: 0 Match_Best_Known_Times: 0 Miss_Best_Known_Times: 4 
