Number_of_Instances_In_Current_Batch: 4

Inst_Index:53 	 City_Num:200 	 Concorde:21.467755 	 MCTS:21.448248 Improve:0.019507 	 Time:16.05 Seconds
Solution: 1 89 177 10 22 23 55 99 121 130 198 191 27 161 181 189 113 38 157 80 144 120 145 39 96 81 188 152 79 48 141 49 194 2 101 61 59 108 128 91 87 34 106 158 76 12 123 84 100 135 118 41 183 64 159 170 32 162 115 111 126 116 107 114 70 180 19 192 68 197 196 85 149 167 9 199 139 13 47 168 6 26 184 90 173 31 117 24 104 14 60 155 21 103 77 15 176 166 175 150 153 105 30 71 171 45 16 5 37 179 50 97 3 154 140 125 44 73 119 142 74 33 17 8 46 69 156 98 185 35 110 190 62 36 78 174 148 83 193 143 187 164 95 94 129 133 56 51 138 122 178 182 72 58 42 66 18 86 20 67 4 93 25 7 146 195 172 92 200 109 57 54 82 11 63 75 65 165 163 134 147 137 124 29 136 169 151 160 52 112 40 131 43 127 88 102 28 186 53 132 

Inst_Index:54 	 City_Num:200 	 Concorde:22.074044 	 MCTS:22.055771 Improve:0.018273 	 Time:16.01 Seconds
Solution: 1 146 67 44 36 4 113 100 195 78 173 35 166 93 103 153 110 114 152 167 37 23 155 175 197 22 151 134 118 130 2 163 160 13 49 94 64 149 59 196 40 51 109 105 182 127 190 156 46 181 193 76 33 97 144 96 185 139 20 27 122 71 16 112 120 58 45 116 192 56 180 117 68 148 75 83 184 57 124 81 98 104 142 21 111 135 60 178 102 165 90 128 55 164 150 108 129 172 92 85 41 17 138 32 48 84 140 171 74 15 26 106 25 133 188 89 159 200 186 177 34 126 179 28 8 147 183 169 62 187 86 136 101 72 88 145 168 189 73 52 119 137 43 199 95 170 3 61 19 38 77 131 115 18 39 54 191 14 87 7 80 10 31 132 194 30 24 162 91 9 6 158 121 5 154 79 143 198 66 53 42 161 65 125 174 12 107 50 157 141 70 99 123 47 176 63 69 11 82 29 

Inst_Index:55 	 City_Num:200 	 Concorde:21.682165 	 MCTS:21.682228 Improve:-0.000063 	 Time:16.09 Seconds
Solution: 1 158 104 43 165 84 185 39 190 161 118 102 49 119 137 58 63 175 162 91 167 107 47 40 52 168 133 122 197 109 77 7 34 149 73 81 75 31 163 88 92 194 45 51 67 183 70 42 54 200 116 64 128 103 198 5 48 89 99 24 57 121 139 78 85 171 9 170 106 159 66 16 22 186 142 152 46 123 146 105 12 86 101 15 173 28 145 156 35 13 41 95 19 164 129 177 50 191 112 90 196 169 80 96 97 30 143 140 55 188 130 4 135 182 157 178 27 189 108 120 192 17 2 126 59 100 154 110 172 160 98 21 147 131 74 144 141 125 136 32 93 69 53 83 151 87 6 38 124 155 180 115 44 3 134 26 36 184 117 176 127 60 10 37 14 11 76 114 25 68 199 71 179 181 132 166 138 174 65 187 62 79 33 82 148 193 195 20 23 72 153 150 113 94 56 8 61 29 111 18 

Inst_Index:56 	 City_Num:200 	 Concorde:22.084235 	 MCTS:22.149046 Improve:-0.064811 	 Time:16.09 Seconds
Solution: 1 173 86 126 139 166 75 54 103 3 82 47 69 179 67 113 105 177 53 88 61 160 64 140 116 16 39 143 46 183 170 71 93 78 5 36 7 59 185 38 35 83 162 80 84 181 56 57 13 6 147 150 42 198 104 31 24 115 171 149 142 158 172 58 191 17 182 45 133 87 15 138 73 77 14 102 20 193 99 167 120 98 32 159 165 180 154 60 151 81 92 197 125 12 134 152 74 41 135 178 48 187 11 29 114 112 96 131 55 119 161 174 19 163 156 109 49 136 94 10 65 146 52 4 23 27 194 129 196 108 43 37 8 124 188 137 89 118 95 25 122 51 22 44 169 18 141 164 79 199 195 121 91 117 63 148 110 107 184 189 176 190 157 90 97 30 21 200 9 153 68 72 28 101 85 130 26 186 168 76 192 100 40 144 70 62 155 33 106 175 111 34 50 123 128 145 127 132 66 2 


Index_In_Batch: 13, Avg_Concorde_Distance: 21.827050 Avg_MCTS_Distance: 21.833823 Avg_Gap: 0.000300 Total_Time: 65.26 Seconds 
 Beat_Best_Known_Times: 2 Match_Best_Known_Times: 0 Miss_Best_Known_Times: 2 
