Number_of_Instances_In_Current_Batch: 4

Inst_Index:113 	 City_Num:200 	 Concorde:21.538535 	 MCTS:21.527748 Improve:0.010787 	 Time:16.10 Seconds
Solution: 1 127 49 144 81 186 74 199 145 3 131 113 21 33 11 54 162 90 53 135 149 174 137 10 115 126 132 48 44 9 167 56 35 73 158 183 172 178 8 4 27 133 141 95 100 190 123 88 55 69 19 114 26 175 194 52 32 20 62 7 31 34 72 83 92 134 64 43 119 173 42 15 99 63 142 166 86 108 130 171 184 143 75 164 5 176 185 109 29 105 128 17 148 112 65 85 23 106 76 189 161 30 66 79 160 138 89 151 155 24 41 60 6 182 91 117 94 84 139 181 200 50 59 78 87 37 111 70 40 150 118 61 98 47 77 104 196 18 14 129 12 140 68 136 25 16 57 110 39 22 198 197 157 71 187 191 38 102 80 195 122 58 163 146 28 192 36 156 125 93 46 153 154 179 82 188 51 67 107 45 121 159 193 2 177 169 103 101 96 180 152 147 97 170 168 13 124 116 120 165 

Inst_Index:114 	 City_Num:200 	 Concorde:21.087294 	 MCTS:21.119461 Improve:-0.032167 	 Time:16.16 Seconds
Solution: 1 183 151 33 43 102 198 45 79 58 190 32 147 35 141 170 25 54 12 44 128 70 64 8 122 138 89 98 186 51 34 66 62 155 88 2 184 107 121 174 50 153 49 87 74 11 149 85 3 150 30 99 77 95 6 42 133 117 75 23 92 165 110 191 136 112 187 131 180 164 193 38 182 20 71 60 59 120 10 172 124 48 129 175 52 104 177 116 26 181 80 19 27 105 140 126 119 194 83 158 114 68 9 69 137 123 197 96 82 101 4 161 188 21 143 169 115 67 17 192 130 160 57 103 76 167 53 163 189 106 100 28 176 94 18 125 162 40 46 139 61 152 47 15 37 148 97 24 63 109 5 166 127 72 135 185 39 157 146 84 86 73 31 118 90 41 36 145 81 156 154 29 113 78 7 168 91 173 199 55 22 132 178 196 93 195 142 111 108 144 200 171 179 13 14 16 134 56 65 159 

Inst_Index:115 	 City_Num:200 	 Concorde:21.160036 	 MCTS:21.164971 Improve:-0.004936 	 Time:16.03 Seconds
Solution: 1 63 198 146 97 147 27 36 4 82 14 67 92 109 64 9 135 136 12 125 140 30 103 34 126 195 189 24 101 106 84 20 120 173 144 142 182 151 148 87 107 111 99 160 7 51 177 85 199 158 167 89 19 39 90 21 83 150 110 129 50 8 79 54 48 78 72 98 40 56 10 149 55 191 172 28 155 178 114 188 44 35 153 86 94 169 197 108 185 58 134 81 68 156 164 138 29 192 96 162 60 193 33 124 42 3 13 190 131 31 5 133 105 59 116 61 175 77 145 183 53 2 165 71 73 38 16 194 113 76 37 65 143 184 62 57 69 32 25 88 141 176 47 23 46 18 168 66 11 161 171 196 22 17 74 170 115 117 180 80 159 122 112 139 127 123 75 174 104 45 91 187 118 157 154 200 137 102 43 121 49 152 95 70 6 181 100 132 41 93 119 163 186 130 52 166 128 26 15 179 

Inst_Index:116 	 City_Num:200 	 Concorde:21.888194 	 MCTS:21.916965 Improve:-0.028772 	 Time:16.01 Seconds
Solution: 1 5 166 27 94 39 124 82 121 191 135 53 9 86 169 98 198 18 20 154 16 172 152 175 59 85 142 110 70 103 149 133 199 76 120 144 23 31 87 171 107 130 189 127 42 54 180 147 185 116 122 19 67 177 58 141 174 170 71 125 143 188 48 113 190 150 26 176 117 123 55 114 193 93 68 181 77 21 28 6 162 194 91 17 139 119 157 51 158 13 90 112 97 118 4 15 167 106 56 161 52 30 74 38 80 8 3 200 163 29 12 159 99 25 132 44 134 183 41 46 138 187 179 64 78 63 136 69 168 173 49 65 155 148 37 81 22 151 145 146 61 165 101 62 32 88 100 34 195 115 192 160 24 197 126 102 14 184 95 111 156 33 73 11 137 109 178 182 96 57 92 35 36 129 43 72 196 75 60 186 40 104 164 83 108 47 153 7 140 2 79 89 131 66 50 10 128 84 45 105 


Index_In_Batch: 28, Avg_Concorde_Distance: 21.418514 Avg_MCTS_Distance: 21.432286 Avg_Gap: 0.000643 Total_Time: 65.60 Seconds 
 Beat_Best_Known_Times: 1 Match_Best_Known_Times: 0 Miss_Best_Known_Times: 3 
