Number_of_Instances_In_Current_Batch: 4

Inst_Index:25 	 City_Num:200 	 Concorde:22.534305 	 MCTS:22.594701 Improve:-0.060396 	 Time:16.17 Seconds
Solution: 1 53 148 5 14 2 82 74 114 135 50 58 31 96 173 195 169 48 177 123 63 190 75 99 83 18 51 7 20 102 145 198 70 189 71 11 93 79 106 128 141 187 199 61 115 127 175 36 45 181 122 26 172 4 72 183 65 152 112 49 186 41 180 9 97 108 134 194 3 146 142 150 23 95 67 119 104 81 132 129 12 125 103 33 39 200 54 34 77 46 138 121 107 24 182 69 133 113 130 42 184 98 44 111 92 118 192 139 35 126 110 73 116 163 137 185 196 8 160 86 88 55 171 151 60 29 22 84 144 174 197 66 30 64 159 56 43 124 38 87 78 109 164 94 91 157 147 117 100 188 27 161 156 170 191 28 162 101 40 16 120 136 52 166 76 165 6 15 105 37 131 90 168 85 140 57 62 47 155 154 21 178 25 153 80 193 10 13 149 68 176 89 32 158 19 167 143 179 59 17 

Inst_Index:26 	 City_Num:200 	 Concorde:22.124841 	 MCTS:22.150849 Improve:-0.026008 	 Time:16.12 Seconds
Solution: 1 195 19 43 198 26 114 9 8 111 142 85 154 73 188 30 141 112 117 182 70 157 80 146 4 170 130 65 132 10 120 106 140 151 68 104 14 5 156 122 192 185 137 176 131 71 66 172 92 15 133 160 158 113 173 58 81 46 183 165 166 109 23 39 76 118 116 119 48 54 22 187 180 191 13 135 87 199 152 59 105 3 190 47 115 161 153 186 55 75 159 196 174 145 134 79 98 99 53 32 90 83 179 24 138 56 74 49 20 181 36 69 78 128 63 102 144 150 97 16 86 77 29 148 169 34 50 52 60 44 11 107 103 18 35 100 171 21 27 184 127 178 6 94 175 136 193 139 42 129 162 168 37 126 95 197 67 89 149 12 45 108 155 41 61 2 147 200 189 164 93 88 17 194 125 91 51 38 31 123 177 40 57 167 7 25 143 163 121 101 96 110 62 72 124 28 64 84 33 82 

Inst_Index:27 	 City_Num:200 	 Concorde:21.629529 	 MCTS:21.630007 Improve:-0.000479 	 Time:16.00 Seconds
Solution: 1 199 41 49 148 76 174 176 144 189 72 32 178 52 74 26 172 153 67 45 68 98 100 17 109 147 71 107 39 181 102 65 59 186 48 24 133 134 156 158 165 23 110 69 179 142 2 132 33 190 120 155 4 131 92 30 159 54 78 61 168 101 146 12 87 151 31 115 22 91 11 149 21 83 182 62 145 13 51 196 139 121 113 157 103 25 27 183 143 79 77 10 36 96 122 70 130 88 118 58 124 104 187 64 53 193 35 29 89 93 50 80 16 180 175 150 126 84 123 141 57 198 42 191 117 63 82 184 6 171 200 73 116 105 192 127 111 8 135 197 108 161 106 37 20 28 162 86 47 138 194 60 3 15 140 19 5 119 7 166 128 44 55 137 94 136 112 85 167 152 95 56 185 46 177 129 160 66 75 9 43 170 81 97 14 154 169 188 38 163 195 99 114 90 164 40 125 34 18 173 

Inst_Index:28 	 City_Num:200 	 Concorde:22.201347 	 MCTS:22.181790 Improve:0.019557 	 Time:16.02 Seconds
Solution: 1 173 18 106 40 28 144 157 30 45 142 112 23 4 167 183 177 54 141 50 104 168 27 5 26 152 51 114 119 74 195 117 21 44 98 2 199 61 52 133 96 14 86 145 174 63 59 184 107 34 139 155 116 91 120 65 67 192 12 170 13 73 82 127 172 92 193 160 53 158 179 146 103 57 115 16 17 113 182 70 129 187 128 88 200 29 6 71 198 22 49 90 159 66 10 140 176 163 85 189 110 60 15 100 118 32 161 147 105 68 93 48 56 185 99 149 89 181 80 175 130 43 24 190 41 102 81 123 143 111 7 69 138 94 108 35 154 196 124 76 37 153 165 186 9 148 171 87 58 188 8 122 97 194 125 151 42 11 197 36 136 79 3 62 77 84 39 83 33 46 135 64 20 38 132 47 178 131 126 162 137 31 109 75 191 25 121 72 150 180 169 19 156 78 134 95 101 166 164 55 


Index_In_Batch: 6, Avg_Concorde_Distance: 22.122505 Avg_MCTS_Distance: 22.139337 Avg_Gap: 0.000749 Total_Time: 65.69 Seconds 
 Beat_Best_Known_Times: 1 Match_Best_Known_Times: 0 Miss_Best_Known_Times: 3 
