Number_of_Instances_In_Current_Batch: 4

Inst_Index:65 	 City_Num:200 	 Concorde:21.678493 	 MCTS:21.674118 Improve:0.004376 	 Time:16.10 Seconds
Solution: 1 121 81 194 109 183 119 161 33 70 114 64 21 97 7 93 116 195 100 99 192 14 152 96 122 156 148 130 63 47 13 106 59 3 191 51 176 157 137 9 27 44 153 25 102 124 15 181 141 150 10 80 155 32 197 134 17 189 46 167 159 117 88 101 62 38 103 65 2 94 131 91 105 82 185 49 112 61 6 31 79 58 188 68 39 173 147 198 143 50 66 146 67 48 28 57 184 171 110 89 71 178 108 163 128 12 92 36 98 83 177 168 19 169 186 151 95 118 37 170 86 190 35 158 164 154 139 24 45 166 4 149 90 144 84 126 142 78 11 8 75 56 111 140 160 76 127 115 193 74 182 72 52 73 55 34 162 138 53 16 175 23 199 129 180 172 43 200 42 77 165 20 40 85 107 145 125 5 123 41 132 120 26 135 60 18 196 113 54 136 30 187 69 104 22 179 133 174 29 87 

Inst_Index:66 	 City_Num:200 	 Concorde:20.494937 	 MCTS:20.524465 Improve:-0.029528 	 Time:16.03 Seconds
Solution: 1 156 161 9 92 94 5 142 168 143 176 17 175 46 62 118 149 167 100 190 72 126 125 75 52 171 165 39 133 36 200 163 63 25 32 34 185 81 188 7 116 178 3 105 84 61 93 95 110 4 49 79 123 112 43 197 31 151 136 55 135 12 96 30 51 50 14 104 67 177 109 19 144 77 179 85 153 70 103 66 15 158 47 18 69 170 91 101 90 59 71 192 102 44 166 24 23 10 83 40 117 97 64 119 27 87 174 189 114 37 113 138 182 73 127 131 187 58 172 45 57 16 162 53 196 68 184 106 146 86 183 107 80 194 157 164 74 13 128 122 134 169 129 173 35 98 38 89 33 198 6 48 141 137 180 195 2 121 115 120 191 82 78 26 65 22 154 108 132 76 181 145 54 159 60 140 11 150 186 111 199 21 42 99 88 193 147 41 124 160 28 20 130 29 8 155 139 148 56 152 

Inst_Index:67 	 City_Num:200 	 Concorde:21.496514 	 MCTS:21.543358 Improve:-0.046844 	 Time:16.01 Seconds
Solution: 1 135 89 190 102 77 87 122 95 42 187 82 123 78 162 126 14 184 53 59 134 186 9 161 115 103 148 4 79 108 170 24 110 112 6 129 154 44 76 85 3 28 90 40 45 98 97 193 94 158 11 51 32 136 12 130 183 19 105 120 132 175 145 43 80 73 127 152 100 104 17 150 180 149 121 81 196 48 37 199 169 151 167 128 58 60 131 191 188 174 61 65 21 31 70 20 25 49 146 140 195 99 41 138 106 133 5 165 52 101 157 163 181 198 16 88 200 47 93 55 13 38 194 159 67 176 27 83 69 30 192 22 35 142 189 68 63 144 107 7 62 84 15 178 182 168 171 10 125 113 173 18 50 114 111 172 147 92 197 57 8 137 56 54 96 64 177 118 143 141 116 160 109 155 91 2 29 75 156 66 34 164 36 166 179 185 39 26 72 139 23 71 124 153 74 33 46 119 86 117 

Inst_Index:68 	 City_Num:200 	 Concorde:20.973357 	 MCTS:21.013731 Improve:-0.040374 	 Time:16.04 Seconds
Solution: 1 72 78 192 57 40 126 45 113 128 6 51 35 68 200 137 69 110 124 82 198 75 190 22 28 59 46 20 98 71 49 53 134 97 92 89 147 168 8 179 163 130 158 170 156 145 39 3 109 186 132 183 172 80 135 81 24 129 42 93 18 63 153 196 177 47 67 83 114 131 166 32 143 15 96 58 171 184 106 149 43 19 180 41 160 193 191 56 17 70 16 30 37 95 164 31 104 52 199 36 10 27 182 11 102 79 144 64 84 86 88 55 148 7 107 105 185 33 44 29 2 117 161 9 38 115 121 167 175 152 65 187 146 173 155 138 66 188 112 4 99 181 101 94 159 178 91 100 77 13 197 74 108 174 103 12 119 60 111 73 150 194 54 116 34 25 157 76 26 154 87 136 142 61 50 127 21 90 85 189 120 151 195 139 165 140 125 48 162 122 118 176 62 133 14 123 169 141 23 5 


Index_In_Batch: 16, Avg_Concorde_Distance: 21.160825 Avg_MCTS_Distance: 21.188918 Avg_Gap: 0.001336 Total_Time: 66.04 Seconds 
 Beat_Best_Known_Times: 1 Match_Best_Known_Times: 0 Miss_Best_Known_Times: 3 
