Number_of_Instances_In_Current_Batch: 4

Inst_Index:29 	 City_Num:200 	 Concorde:22.198258 	 MCTS:22.252785 Improve:-0.054527 	 Time:16.01 Seconds
Solution: 1 104 133 180 53 129 24 44 14 21 59 161 16 34 126 184 158 164 110 148 91 176 101 9 108 146 160 115 120 71 179 49 188 30 155 6 92 33 134 154 186 107 150 3 15 166 102 22 77 145 187 74 65 170 57 26 177 116 73 72 89 66 138 181 36 153 139 20 162 197 199 171 174 2 173 31 128 156 80 132 103 149 117 135 163 23 88 144 192 167 42 61 119 125 182 90 124 63 87 70 112 79 13 178 12 56 29 48 93 95 113 140 190 114 58 165 137 32 96 100 64 47 118 62 75 196 52 141 200 84 7 191 19 51 55 131 111 121 85 69 39 157 136 97 152 183 105 83 82 37 189 168 172 151 195 27 94 17 54 10 194 122 43 5 130 4 142 35 109 11 28 50 60 123 147 78 175 76 46 169 38 143 25 159 40 41 193 45 99 198 67 81 86 8 98 68 127 185 106 18 

Inst_Index:30 	 City_Num:200 	 Concorde:21.790044 	 MCTS:21.822132 Improve:-0.032088 	 Time:16.19 Seconds
Solution: 1 154 123 148 75 168 87 68 107 2 71 153 121 96 8 122 44 24 3 142 180 151 29 166 125 197 67 33 18 94 79 27 144 143 47 17 162 136 30 45 91 76 191 31 59 50 73 135 145 118 147 19 150 119 181 80 34 157 43 159 10 101 194 185 161 146 92 140 60 192 63 165 112 198 11 127 113 175 86 22 88 6 66 69 49 167 188 5 99 41 15 16 28 64 133 48 70 13 110 158 141 111 131 178 172 40 46 129 38 37 116 77 139 195 55 83 74 52 78 4 155 149 53 89 9 35 84 186 187 156 137 102 20 57 196 200 134 128 42 189 97 54 90 23 179 56 138 193 173 124 130 58 108 14 82 176 190 152 21 103 163 171 117 184 115 39 109 93 62 169 177 170 100 12 51 32 199 25 132 164 174 7 114 65 126 182 81 26 106 120 98 61 104 36 85 72 105 160 183 95 

Inst_Index:31 	 City_Num:200 	 Concorde:21.608915 	 MCTS:21.678419 Improve:-0.069504 	 Time:16.09 Seconds
Solution: 1 184 142 76 123 70 157 166 164 47 165 167 82 81 85 160 95 72 73 34 194 170 172 161 40 133 39 11 145 10 146 48 136 87 181 31 119 51 53 97 12 116 41 158 107 13 74 91 152 121 3 162 156 102 122 128 180 192 132 200 154 153 114 189 159 83 149 101 186 28 176 14 108 117 174 89 150 173 9 61 45 130 110 79 36 64 22 197 49 59 148 94 4 63 33 112 66 38 35 169 163 125 43 105 190 93 171 139 115 88 67 15 113 144 199 50 86 188 7 62 118 6 179 54 185 23 195 68 96 8 104 29 137 138 57 193 135 183 2 198 131 141 126 134 182 25 78 84 30 20 26 90 42 111 106 5 187 46 37 196 16 58 143 155 177 100 19 60 92 17 44 98 103 24 151 175 55 65 75 21 27 124 109 129 32 52 80 120 147 99 140 191 71 178 18 127 69 77 168 56 

Inst_Index:32 	 City_Num:200 	 Concorde:21.078582 	 MCTS:21.086848 Improve:-0.008266 	 Time:16.11 Seconds
Solution: 1 89 18 66 111 132 199 64 191 37 143 28 29 179 86 78 170 160 6 67 108 200 138 54 63 5 114 121 4 162 50 127 185 17 167 131 16 3 164 144 53 10 113 106 69 181 139 88 21 112 26 189 157 95 20 140 72 172 59 38 124 48 145 190 182 34 33 62 100 173 13 151 148 43 176 118 135 122 166 149 194 27 2 105 186 45 107 90 184 161 87 65 57 70 171 104 141 146 74 44 40 150 169 79 12 71 125 36 61 19 175 41 165 159 52 80 109 47 83 58 155 198 60 123 92 193 102 116 103 85 99 196 97 98 68 187 81 130 178 154 35 39 163 96 56 126 73 46 147 195 168 174 82 134 51 117 49 76 15 192 14 133 84 24 42 197 94 158 120 9 93 31 156 115 55 91 22 110 128 180 77 183 30 137 177 136 152 119 129 32 8 25 101 11 153 188 75 142 7 23 


Index_In_Batch: 7, Avg_Concorde_Distance: 21.668950 Avg_MCTS_Distance: 21.710046 Avg_Gap: 0.001884 Total_Time: 65.98 Seconds 
 Beat_Best_Known_Times: 0 Match_Best_Known_Times: 0 Miss_Best_Known_Times: 4 
