Number_of_Instances_In_Current_Batch: 4

Inst_Index:65 	 City_Num:200 	 Concorde:21.678493 	 MCTS:21.747683 Improve:-0.069190 	 Time:16.04 Seconds
Solution: 1 121 81 194 109 183 119 161 33 70 114 64 21 97 7 93 116 195 100 99 192 14 152 96 122 156 148 130 63 47 13 106 59 3 191 51 176 157 137 9 27 44 153 25 102 124 150 141 181 15 131 91 105 94 2 65 103 38 10 80 155 32 197 134 17 189 46 167 159 117 62 101 88 57 184 171 28 48 110 89 71 178 108 163 128 12 92 36 98 83 177 168 19 169 186 151 95 118 37 170 86 190 35 158 164 154 139 24 45 166 4 149 90 144 84 126 142 78 11 8 75 56 111 140 160 76 127 115 193 74 182 72 52 73 55 34 162 138 53 16 175 23 199 129 180 172 43 200 42 77 165 20 40 85 107 145 125 5 123 41 132 120 26 135 60 18 196 54 113 79 31 6 61 112 49 58 188 68 39 173 147 198 143 50 66 146 67 185 82 136 30 187 69 104 22 179 133 174 29 87 

Inst_Index:66 	 City_Num:200 	 Concorde:20.494937 	 MCTS:20.510018 Improve:-0.015081 	 Time:16.05 Seconds
Solution: 1 152 49 4 110 79 123 112 43 197 144 77 19 179 85 99 42 21 199 111 193 88 147 41 124 8 155 139 148 56 29 130 20 28 160 150 186 11 140 60 159 54 145 181 76 132 108 154 22 65 26 78 82 191 120 115 121 2 195 180 137 141 48 6 198 33 89 38 98 35 173 129 169 134 122 128 13 74 164 157 194 80 107 183 86 146 106 184 68 196 53 162 97 117 40 83 10 23 24 166 44 102 192 71 59 90 101 91 170 69 18 47 158 15 66 103 70 153 109 177 67 104 14 50 51 30 96 12 135 55 136 151 31 95 93 61 84 105 3 178 116 7 188 81 185 34 32 25 63 163 87 27 119 64 57 16 45 172 58 187 131 127 73 182 138 113 37 114 189 174 200 36 133 39 165 171 52 75 125 126 72 190 100 167 149 118 62 46 175 17 176 143 168 142 5 94 92 9 161 156 

Inst_Index:67 	 City_Num:200 	 Concorde:21.496514 	 MCTS:21.496514 Improve:0.000000 	 Time:16.04 Seconds
Solution: 1 135 89 190 102 77 87 122 95 42 187 82 123 78 162 126 14 184 53 59 134 186 9 161 115 103 148 4 79 108 170 24 110 112 6 129 154 44 76 85 3 28 90 40 45 98 97 193 94 158 11 51 32 136 12 130 183 49 146 140 195 99 41 138 25 19 105 120 132 175 145 73 127 152 100 104 17 150 180 149 121 81 196 48 37 199 169 151 167 60 131 191 188 58 128 80 43 70 21 31 20 106 133 5 165 52 101 157 163 181 198 16 88 200 47 93 65 61 174 55 13 38 194 159 176 67 27 83 69 30 192 22 35 142 189 68 63 144 107 7 62 84 15 178 182 168 171 10 125 113 173 18 50 114 111 172 147 92 197 57 8 137 56 54 96 64 177 118 143 141 116 160 109 155 91 2 29 75 156 66 34 164 36 166 179 185 39 26 72 139 23 71 124 153 74 33 46 119 86 117 

Inst_Index:68 	 City_Num:200 	 Concorde:20.973357 	 MCTS:21.083331 Improve:-0.109973 	 Time:16.06 Seconds
Solution: 1 72 78 192 57 40 126 45 113 128 6 51 35 68 200 137 69 110 124 82 198 75 190 22 28 59 46 98 20 71 49 53 134 97 92 89 147 168 8 179 163 130 158 170 156 145 39 3 109 186 132 183 172 80 135 81 24 129 42 93 18 63 153 196 177 47 15 96 58 171 184 106 149 43 19 180 41 160 193 191 56 166 32 143 67 83 114 131 17 70 16 30 37 95 164 31 104 52 199 36 10 27 182 11 102 79 144 64 55 148 7 107 105 33 44 185 88 84 86 101 181 99 4 112 188 66 29 2 117 138 161 9 38 115 121 167 175 152 65 187 146 173 155 94 159 178 91 100 77 13 197 74 108 174 103 12 119 60 111 73 194 150 54 116 34 25 157 76 26 154 87 136 142 61 50 127 21 90 85 189 120 151 195 139 165 140 125 48 162 122 118 176 62 133 14 123 169 141 23 5 


Index_In_Batch: 16, Avg_Concorde_Distance: 21.160825 Avg_MCTS_Distance: 21.209387 Avg_Gap: 0.002293 Total_Time: 65.36 Seconds 
 Beat_Best_Known_Times: 0 Match_Best_Known_Times: 1 Miss_Best_Known_Times: 3 
