Number_of_Instances_In_Current_Batch: 4

Inst_Index:113 	 City_Num:200 	 Concorde:21.538535 	 MCTS:21.536180 Improve:0.002355 	 Time:16.08 Seconds
Solution: 1 127 49 144 81 186 74 199 145 3 131 113 21 33 11 54 162 90 53 135 149 174 137 10 115 126 132 48 44 9 167 56 35 73 158 183 172 178 8 4 27 133 141 95 100 190 123 88 55 69 19 114 26 175 194 52 32 20 62 7 31 34 72 83 92 134 64 43 119 173 42 15 99 63 142 166 86 108 130 171 184 143 75 164 5 176 185 109 29 105 128 17 65 112 148 85 23 106 76 189 161 30 66 79 160 138 200 50 59 78 87 37 111 70 40 150 118 61 98 47 77 104 196 18 14 129 12 140 68 136 25 16 57 110 39 22 198 197 157 71 187 191 38 102 80 195 122 58 163 146 28 192 36 94 117 91 84 139 181 89 151 155 24 41 60 6 182 156 125 93 46 153 154 179 82 188 51 67 107 45 121 159 193 2 177 169 103 101 96 180 152 147 97 170 168 13 124 116 120 165 

Inst_Index:114 	 City_Num:200 	 Concorde:21.087294 	 MCTS:21.099352 Improve:-0.012058 	 Time:16.04 Seconds
Solution: 1 183 151 33 43 102 198 45 79 32 58 190 173 91 168 7 78 145 81 156 154 113 29 132 178 22 199 55 196 93 195 142 111 108 144 200 171 179 13 14 16 134 12 44 128 70 64 8 122 138 34 66 62 155 88 2 184 107 121 174 50 49 153 51 186 98 89 87 74 11 149 85 3 150 30 99 77 95 6 42 133 117 75 23 92 165 110 191 136 112 187 131 180 164 193 38 182 20 71 60 59 120 10 172 124 48 129 175 52 104 177 116 26 181 80 19 27 105 140 126 119 194 83 158 114 68 9 69 137 123 101 197 96 82 24 97 63 148 37 109 5 166 127 72 135 185 39 157 146 84 86 73 31 118 90 41 36 15 47 152 61 4 161 143 67 17 192 130 160 57 115 169 21 188 139 46 40 162 125 18 94 176 76 103 167 53 163 189 106 28 100 147 35 141 170 25 54 56 65 159 

Inst_Index:115 	 City_Num:200 	 Concorde:21.160036 	 MCTS:21.174068 Improve:-0.014032 	 Time:16.03 Seconds
Solution: 1 63 198 146 97 147 27 36 4 82 14 67 92 109 64 9 135 136 12 125 140 30 103 34 126 195 189 24 101 106 84 20 120 173 144 142 182 151 148 87 107 111 99 160 7 51 177 85 199 158 167 89 19 39 90 21 83 150 110 129 50 8 79 54 48 78 72 98 40 56 10 149 55 191 172 28 155 178 114 188 44 35 153 86 94 169 197 108 185 58 134 81 68 156 164 138 29 192 96 162 60 193 33 124 42 3 13 190 131 31 5 133 105 116 59 61 175 77 145 183 53 2 165 73 71 38 16 194 113 76 37 65 143 184 62 57 69 32 25 88 141 176 47 23 171 161 17 196 22 74 170 115 117 180 80 159 122 112 139 127 123 75 174 104 45 91 187 118 157 154 200 137 102 43 168 11 66 18 46 121 49 152 95 70 6 181 100 132 41 93 119 163 186 130 52 166 128 26 15 179 

Inst_Index:116 	 City_Num:200 	 Concorde:21.888194 	 MCTS:21.904249 Improve:-0.016056 	 Time:16.02 Seconds
Solution: 1 105 45 84 128 10 50 66 131 89 79 2 140 7 153 47 108 83 164 104 40 186 60 75 196 72 43 129 36 35 92 57 96 182 178 109 137 11 73 33 156 111 95 184 14 102 126 115 24 197 160 192 49 65 173 168 69 136 63 78 64 179 187 46 138 81 37 148 155 32 88 100 38 80 8 200 3 165 62 101 22 151 145 61 146 134 41 183 44 132 25 99 159 12 29 163 170 174 141 58 177 67 19 122 116 185 147 180 54 42 127 71 125 143 188 130 189 107 171 87 31 23 144 120 76 199 133 149 103 70 110 77 181 68 93 193 114 55 123 117 176 26 150 190 113 48 74 30 52 161 56 106 167 15 4 118 97 34 195 90 112 13 158 51 157 119 139 17 91 194 162 6 28 21 142 85 59 175 152 172 16 154 20 18 198 98 169 86 9 53 135 191 121 82 124 39 94 27 166 5 


Index_In_Batch: 28, Avg_Concorde_Distance: 21.418514 Avg_MCTS_Distance: 21.428462 Avg_Gap: 0.000465 Total_Time: 66.16 Seconds 
 Beat_Best_Known_Times: 1 Match_Best_Known_Times: 0 Miss_Best_Known_Times: 3 
