Number_of_Instances_In_Current_Batch: 4

Inst_Index:85 	 City_Num:200 	 Concorde:21.738933 	 MCTS:21.718690 Improve:0.020244 	 Time:16.09 Seconds
Solution: 1 59 77 75 15 111 189 142 136 53 110 138 169 43 123 174 76 122 154 159 73 126 131 28 158 197 68 195 137 139 23 100 21 155 19 117 91 69 12 42 104 175 18 85 86 194 5 183 49 103 32 127 26 16 116 31 166 87 94 2 130 80 82 67 152 177 193 34 192 71 29 107 99 6 40 144 185 114 88 58 157 102 162 63 70 145 146 106 191 121 173 119 11 101 55 161 44 95 57 74 8 61 178 200 184 109 39 105 3 133 124 129 176 199 113 17 190 140 24 92 148 151 78 46 96 168 143 150 186 108 51 60 141 81 98 45 167 52 172 9 84 50 36 163 66 25 128 165 10 118 181 89 93 198 187 170 14 38 79 62 7 179 56 48 41 149 164 54 156 72 135 20 90 97 196 13 33 112 132 115 180 125 160 64 4 22 120 35 182 134 153 171 47 147 83 30 27 37 188 65 

Inst_Index:86 	 City_Num:200 	 Concorde:21.127468 	 MCTS:21.109881 Improve:0.017587 	 Time:16.03 Seconds
Solution: 1 118 91 75 62 33 57 195 183 108 86 52 162 11 109 189 127 48 134 93 197 199 90 9 37 77 187 103 50 79 98 35 83 96 149 193 70 13 167 160 18 111 117 43 34 107 190 194 22 122 95 67 157 28 2 85 7 54 89 180 179 184 73 68 158 71 45 78 21 58 165 101 114 104 150 30 49 102 25 74 172 19 72 135 171 56 155 6 168 84 112 29 44 154 119 110 31 148 60 186 129 8 141 121 106 115 39 156 139 100 177 32 17 69 159 23 169 65 10 113 80 178 38 188 99 133 87 42 174 88 15 124 3 196 185 131 192 125 191 92 147 173 24 128 182 142 163 81 55 138 59 16 51 152 161 53 63 94 41 166 151 36 64 26 47 97 170 140 176 46 82 164 126 120 181 61 137 198 20 27 14 200 5 116 175 144 40 132 136 66 76 123 146 12 4 143 153 105 130 145 

Inst_Index:87 	 City_Num:200 	 Concorde:20.758163 	 MCTS:20.771227 Improve:-0.013065 	 Time:16.09 Seconds
Solution: 1 133 56 182 14 100 191 77 180 90 70 151 120 72 127 89 51 165 158 179 199 153 8 86 32 141 193 195 27 31 134 2 60 121 146 17 61 131 45 35 190 139 19 156 52 125 83 196 128 58 43 101 29 124 5 41 75 118 26 144 115 122 78 171 126 96 198 117 3 62 154 142 67 152 13 69 42 176 159 50 185 39 161 136 49 82 189 178 181 65 99 197 63 73 92 143 194 7 40 149 162 163 112 98 183 38 79 145 87 46 59 157 21 94 104 155 119 85 175 160 54 177 132 168 111 76 114 20 170 74 164 116 108 138 47 71 11 102 109 166 34 80 129 130 186 12 55 188 192 200 10 135 66 167 24 28 95 103 25 84 91 18 107 53 33 48 110 113 22 23 30 105 88 172 4 57 44 147 174 140 93 150 184 148 9 64 36 68 97 169 137 81 187 123 16 106 15 6 173 37 

Inst_Index:88 	 City_Num:200 	 Concorde:21.229122 	 MCTS:21.250740 Improve:-0.021618 	 Time:16.01 Seconds
Solution: 1 184 6 54 86 175 22 145 35 186 30 11 65 2 36 60 192 171 154 128 16 108 62 3 48 169 157 165 130 148 197 185 166 5 20 116 183 100 117 23 187 61 182 138 109 45 28 156 147 10 97 68 142 177 119 104 164 196 106 189 88 69 198 21 129 191 8 162 87 31 140 75 146 43 12 78 110 179 29 124 111 99 144 17 25 199 193 115 200 155 167 70 181 85 83 18 95 105 176 132 133 149 40 84 33 107 103 125 123 170 44 172 82 131 90 32 153 127 114 118 94 188 72 63 102 93 49 67 56 134 15 89 135 136 9 4 101 139 13 66 57 80 39 143 120 122 158 150 51 59 50 76 178 52 96 168 26 173 46 161 58 163 180 55 19 41 37 73 174 81 126 195 113 64 98 53 14 160 121 38 24 77 151 42 152 7 91 47 74 190 137 112 141 34 159 71 194 27 79 92 


Index_In_Batch: 21, Avg_Concorde_Distance: 21.213422 Avg_MCTS_Distance: 21.212635 Avg_Gap: -0.000029 Total_Time: 65.68 Seconds 
 Beat_Best_Known_Times: 2 Match_Best_Known_Times: 0 Miss_Best_Known_Times: 2 
