Number_of_Instances_In_Current_Batch: 4

Inst_Index:41 	 City_Num:200 	 Concorde:21.126069 	 MCTS:21.125130 Improve:0.000939 	 Time:16.02 Seconds
Solution: 1 11 98 119 93 111 149 90 193 192 137 105 180 36 141 161 34 181 71 125 54 171 78 61 21 88 66 188 85 156 139 120 16 110 44 62 94 35 59 144 75 45 69 2 80 167 155 153 118 46 70 10 151 83 68 176 182 132 52 126 163 92 3 53 175 146 166 136 107 77 33 15 200 154 123 165 101 112 79 159 162 168 19 117 14 114 60 74 157 67 124 55 58 25 178 116 97 87 158 197 38 40 41 28 185 22 127 160 169 143 174 147 64 49 31 29 48 199 150 30 57 84 194 8 190 12 148 24 103 6 73 138 23 191 89 128 13 100 9 173 65 130 20 187 170 122 106 42 56 140 195 115 189 47 86 179 18 196 164 99 198 72 95 7 184 109 27 50 186 108 113 96 37 133 172 142 26 177 152 43 82 183 131 76 51 121 17 145 4 91 63 102 129 39 5 32 104 81 134 135 

Inst_Index:42 	 City_Num:200 	 Concorde:21.286868 	 MCTS:21.275106 Improve:0.011762 	 Time:16.03 Seconds
Solution: 1 10 97 189 162 114 82 66 184 53 123 171 45 83 4 28 191 3 47 43 73 116 175 155 51 117 122 90 197 163 6 145 192 50 21 24 169 132 14 176 41 18 106 61 74 174 23 148 134 69 152 80 161 182 198 200 36 86 133 17 159 79 54 193 87 183 95 141 142 111 178 129 2 166 19 9 52 42 146 60 72 35 48 85 100 179 104 99 63 144 167 126 168 131 64 67 115 39 15 121 153 94 71 96 187 139 188 34 160 158 107 147 38 149 92 196 110 112 194 105 25 57 125 165 190 118 140 62 11 138 5 103 102 78 22 8 46 13 108 56 130 84 186 195 29 32 49 113 70 59 12 16 181 119 136 65 91 127 88 128 173 185 33 81 68 31 76 109 137 120 27 164 44 93 124 30 151 101 156 157 37 20 75 170 172 143 135 180 98 26 177 7 55 199 58 150 40 154 89 77 

Inst_Index:43 	 City_Num:200 	 Concorde:20.944182 	 MCTS:20.928162 Improve:0.016019 	 Time:16.05 Seconds
Solution: 1 102 118 195 33 116 5 63 166 91 50 194 157 98 183 167 92 51 162 8 134 144 168 46 131 114 111 147 158 159 130 62 49 113 133 83 88 54 28 78 4 124 76 148 192 136 75 73 42 22 84 89 172 127 153 11 20 71 145 90 117 2 34 25 110 152 52 107 177 197 38 104 155 96 123 109 100 135 180 191 59 94 138 179 170 29 93 7 24 14 70 41 72 198 119 112 82 108 146 56 199 86 101 115 81 182 125 156 190 97 105 163 19 61 120 186 60 174 122 142 53 171 139 103 161 132 151 39 184 35 45 175 66 40 87 164 185 121 16 126 176 15 99 173 55 65 9 140 13 21 137 31 36 189 85 58 77 80 200 196 27 165 43 169 74 193 44 150 129 6 154 30 79 10 57 143 23 37 188 181 68 141 106 160 128 26 12 18 3 32 69 149 48 67 64 17 187 47 95 178 

Inst_Index:44 	 City_Num:200 	 Concorde:21.325900 	 MCTS:21.328982 Improve:-0.003082 	 Time:16.11 Seconds
Solution: 1 166 118 78 4 51 155 129 32 53 112 141 25 136 35 135 157 199 42 90 194 162 183 153 83 147 26 49 176 5 9 89 98 12 123 174 173 94 177 48 85 133 41 154 107 31 21 97 3 47 163 66 86 161 15 192 120 7 137 40 167 180 69 121 104 113 64 149 158 60 169 182 185 108 111 127 23 76 92 73 179 116 122 28 18 103 20 195 186 159 34 145 184 130 77 181 45 24 100 43 13 58 131 54 110 198 57 93 71 30 50 10 101 191 22 148 178 160 65 81 188 99 79 102 80 190 33 132 19 171 2 96 115 105 114 165 16 62 150 200 170 175 8 88 172 44 189 36 117 72 70 84 61 52 109 39 63 164 193 140 134 144 95 126 138 168 139 17 124 11 38 55 56 37 87 75 91 156 46 59 197 67 152 68 146 125 142 29 82 128 6 119 14 74 27 196 106 151 187 143 


Index_In_Batch: 10, Avg_Concorde_Distance: 21.170754 Avg_MCTS_Distance: 21.164345 Avg_Gap: -0.000304 Total_Time: 66.00 Seconds 
 Beat_Best_Known_Times: 3 Match_Best_Known_Times: 0 Miss_Best_Known_Times: 1 
