Number_of_Instances_In_Current_Batch: 4

Inst_Index:97 	 City_Num:200 	 Concorde:21.250349 	 MCTS:21.262469 Improve:-0.012119 	 Time:16.11 Seconds
Solution: 1 100 195 130 144 135 19 105 137 88 15 108 164 191 157 27 12 180 165 26 42 89 160 5 193 37 194 92 133 119 99 102 75 188 50 86 80 182 181 54 196 58 11 25 69 114 2 154 103 44 66 31 140 147 152 17 176 97 21 187 197 36 49 30 32 59 91 85 34 177 113 96 126 41 186 47 107 56 84 72 129 179 20 83 93 51 131 71 109 175 134 120 45 122 60 167 81 24 168 48 189 53 23 33 74 158 138 82 101 62 87 173 29 162 200 9 16 156 65 61 170 55 77 149 111 28 63 52 125 163 128 94 112 73 142 199 38 79 198 159 183 14 57 132 166 145 118 185 171 117 172 76 35 184 153 39 8 190 169 110 70 13 161 136 104 146 192 67 46 106 150 78 6 43 148 121 115 7 4 3 127 68 123 116 40 64 90 151 10 18 98 22 95 178 124 141 174 139 155 143 

Inst_Index:98 	 City_Num:200 	 Concorde:21.433900 	 MCTS:21.433900 Improve:0.000000 	 Time:16.04 Seconds
Solution: 1 111 81 58 57 185 9 123 49 69 149 87 89 113 52 76 94 130 37 24 42 142 64 41 95 44 26 147 14 83 3 68 33 189 200 72 145 176 143 88 108 181 35 104 112 62 165 25 186 162 70 167 161 110 93 166 82 107 48 188 38 196 163 125 154 131 187 30 22 116 86 16 54 182 10 174 102 126 36 15 179 157 194 61 172 100 92 119 55 91 184 148 43 141 159 80 65 71 63 11 155 32 31 19 20 158 77 191 134 124 170 198 175 114 140 199 156 60 98 105 73 135 17 56 2 122 129 171 90 195 144 45 74 117 121 150 103 59 152 13 28 101 160 118 79 50 47 192 84 132 18 146 190 183 197 109 53 136 4 99 193 6 128 153 151 75 106 180 12 164 40 127 29 139 67 51 27 168 138 177 46 5 21 115 97 120 8 173 23 7 137 34 133 66 169 39 85 78 96 178 

Inst_Index:99 	 City_Num:200 	 Concorde:21.623921 	 MCTS:21.598735 Improve:0.025185 	 Time:16.04 Seconds
Solution: 1 81 156 110 120 103 96 48 106 73 116 158 173 126 171 5 89 19 80 76 112 20 10 192 107 46 182 149 127 174 138 119 85 33 71 60 186 26 56 22 92 164 95 179 61 150 69 90 185 165 125 3 34 145 105 196 4 134 122 54 157 79 35 188 151 155 177 30 153 36 111 114 55 181 45 53 136 78 115 187 51 28 128 31 132 198 83 21 124 195 108 64 59 58 23 62 70 180 17 18 170 193 178 39 161 27 9 194 163 88 94 82 104 197 159 176 146 130 7 47 199 25 43 113 84 15 37 175 72 14 75 160 93 57 152 38 8 52 133 44 49 29 102 118 16 183 97 191 162 41 129 67 117 131 87 50 144 86 24 167 98 68 184 140 135 137 101 142 172 100 109 143 2 74 123 66 147 91 65 40 12 99 63 6 42 168 141 11 13 139 166 189 154 148 200 190 121 77 169 32 

Inst_Index:100 	 City_Num:200 	 Concorde:21.846391 	 MCTS:21.839298 Improve:0.007093 	 Time:16.05 Seconds
Solution: 1 80 71 141 37 153 110 92 2 159 4 86 13 177 62 11 145 115 156 154 150 171 101 200 160 124 100 52 167 98 35 18 113 64 181 53 19 191 89 61 164 76 106 36 30 193 125 82 114 44 77 158 3 109 88 187 162 47 192 33 84 189 108 146 190 39 140 176 122 48 51 103 50 183 54 137 93 41 24 79 63 68 128 40 97 168 155 157 16 57 170 121 65 163 142 32 60 96 70 29 143 188 95 136 130 28 178 173 199 17 6 131 126 104 10 87 56 72 21 73 118 186 105 5 91 174 144 14 46 7 25 135 42 161 112 55 111 152 134 180 38 67 120 99 184 74 58 127 20 166 34 116 195 196 149 23 94 26 132 43 102 179 31 107 69 78 133 15 8 12 123 81 66 194 165 119 197 59 27 22 147 138 49 169 151 129 83 117 175 90 139 198 9 172 45 75 85 182 148 185 


Index_In_Batch: 24, Avg_Concorde_Distance: 21.538640 Avg_MCTS_Distance: 21.533601 Avg_Gap: -0.000230 Total_Time: 65.19 Seconds 
 Beat_Best_Known_Times: 2 Match_Best_Known_Times: 1 Miss_Best_Known_Times: 1 
