Number_of_Instances_In_Current_Batch: 4

Inst_Index:9 	 City_Num:200 	 Concorde:21.577234 	 MCTS:21.579257 Improve:-0.002023 	 Time:16.10 Seconds
Solution: 1 124 196 173 34 137 117 122 144 129 16 55 183 91 15 68 43 174 67 82 23 25 198 37 98 9 157 97 32 169 191 195 194 200 100 120 109 155 62 167 116 48 22 19 128 101 168 71 132 44 113 96 184 152 106 39 93 2 17 105 180 142 63 31 40 114 166 84 6 138 42 140 123 139 69 95 134 141 86 33 187 182 12 73 66 160 175 51 45 50 149 115 78 28 161 189 75 145 94 154 72 38 153 126 164 179 20 135 158 162 52 83 108 11 64 156 165 36 59 125 76 102 26 92 56 7 159 130 21 186 74 88 57 65 53 172 60 177 111 143 87 119 61 8 190 3 54 131 49 18 185 110 85 58 27 24 170 181 197 107 81 41 121 80 10 133 79 70 163 188 46 5 35 103 176 148 47 171 136 13 112 146 4 30 192 147 178 104 99 199 14 90 89 127 77 150 29 118 193 151 

Inst_Index:10 	 City_Num:200 	 Concorde:21.607234 	 MCTS:21.584488 Improve:0.022746 	 Time:16.04 Seconds
Solution: 1 54 195 64 14 177 35 141 100 90 107 7 137 128 186 164 79 180 59 46 116 53 86 31 43 196 91 184 27 18 162 39 66 117 123 22 171 190 75 93 24 102 200 77 103 179 69 154 105 36 70 178 175 21 44 106 191 51 113 83 32 133 110 119 129 124 78 161 111 126 74 189 62 159 80 145 115 188 127 55 155 114 50 138 41 165 30 193 89 130 33 148 181 118 82 158 88 140 2 45 67 194 87 131 183 20 125 65 146 42 12 150 168 10 96 176 61 76 49 122 23 99 156 81 136 182 157 147 92 166 160 56 120 16 167 135 8 13 94 112 40 199 34 72 101 17 28 104 173 197 9 109 152 134 73 60 52 98 48 37 149 187 198 68 143 174 139 47 151 172 3 85 57 19 192 144 26 153 185 170 6 15 163 29 38 5 97 4 58 25 11 63 132 108 121 169 95 142 71 84 

Inst_Index:11 	 City_Num:200 	 Concorde:21.820655 	 MCTS:21.838752 Improve:-0.018097 	 Time:16.02 Seconds
Solution: 1 172 158 62 5 109 12 18 24 83 190 142 13 96 156 93 152 28 74 61 187 145 174 19 21 117 154 40 126 68 180 178 78 67 101 2 97 200 150 165 20 4 118 65 151 119 153 194 128 179 183 50 53 79 69 166 108 72 169 43 157 86 58 195 92 182 138 49 149 36 87 114 181 33 85 60 99 25 147 164 171 161 192 176 27 81 197 17 52 184 129 148 140 191 42 77 175 37 116 186 16 31 57 30 113 80 115 105 11 177 162 84 163 56 107 35 71 196 38 139 168 167 41 185 89 144 173 76 23 110 143 15 130 159 46 44 133 91 34 141 47 51 124 63 189 100 73 48 160 45 137 22 26 120 54 123 102 122 66 103 132 104 3 95 112 136 90 75 193 146 121 125 170 55 188 29 9 198 14 6 135 155 98 64 94 131 106 88 59 134 70 39 111 32 7 8 10 82 127 199 

Inst_Index:12 	 City_Num:200 	 Concorde:21.932290 	 MCTS:21.913211 Improve:0.019079 	 Time:16.04 Seconds
Solution: 1 137 46 92 16 97 61 63 171 72 186 47 140 53 34 173 145 157 114 30 182 127 125 26 146 40 172 58 160 149 9 162 138 71 161 89 123 120 4 189 190 59 153 32 176 8 184 10 60 19 131 66 124 178 96 136 144 43 35 199 185 198 44 14 194 147 110 200 169 91 27 187 36 12 49 25 170 130 41 84 77 116 86 83 94 156 7 55 113 5 70 143 23 28 155 179 192 111 108 102 39 134 79 50 177 109 87 95 117 31 29 151 57 100 33 175 88 107 118 135 196 168 15 73 62 183 158 38 11 90 139 128 20 167 105 154 67 197 133 115 22 129 65 191 74 81 52 18 42 193 101 78 159 121 45 119 152 24 188 181 142 51 69 17 3 112 122 37 103 164 132 150 174 148 98 54 48 2 106 166 82 75 76 141 195 80 93 13 104 163 6 180 85 165 64 21 68 56 99 126 


Index_In_Batch: 2, Avg_Concorde_Distance: 21.734353 Avg_MCTS_Distance: 21.728927 Avg_Gap: -0.000250 Total_Time: 66.03 Seconds 
 Beat_Best_Known_Times: 2 Match_Best_Known_Times: 0 Miss_Best_Known_Times: 2 
