Number_of_Instances_In_Current_Batch: 4

Inst_Index:109 	 City_Num:200 	 Concorde:20.991716 	 MCTS:20.955955 Improve:0.035761 	 Time:16.02 Seconds
Solution: 1 102 27 123 49 186 2 56 151 4 66 140 75 53 36 16 115 160 187 190 135 145 158 126 68 163 174 121 93 107 60 198 95 17 127 133 63 161 152 113 47 58 92 194 191 169 72 136 103 42 137 122 104 20 39 178 67 59 138 175 171 172 29 129 46 180 111 26 48 98 144 94 99 173 91 157 97 143 170 114 197 14 181 25 61 132 128 96 110 33 41 156 130 195 50 150 179 88 35 8 192 118 162 70 83 108 45 100 200 125 44 84 54 79 18 6 11 149 21 159 116 23 119 65 199 166 9 77 32 154 189 52 19 76 38 7 147 148 15 124 120 101 69 73 193 43 105 40 3 141 87 90 155 165 37 13 10 139 131 134 85 86 62 182 196 89 34 146 55 57 31 71 184 28 80 12 82 109 185 24 164 106 74 176 142 153 5 51 112 168 177 64 30 167 117 78 22 188 81 183 

Inst_Index:110 	 City_Num:200 	 Concorde:22.225161 	 MCTS:22.230333 Improve:-0.005172 	 Time:16.09 Seconds
Solution: 1 175 115 188 121 87 191 80 35 172 144 163 99 110 31 198 119 135 83 70 69 133 48 160 34 161 66 33 125 128 19 25 174 183 45 16 113 63 190 60 9 158 167 152 189 100 26 95 199 13 6 165 140 181 106 32 67 52 130 114 82 51 76 103 162 111 171 89 180 197 55 122 43 118 93 74 17 73 154 108 75 116 173 86 124 23 98 59 123 64 150 41 20 18 195 177 21 8 105 178 11 179 7 156 79 148 78 27 65 170 153 92 88 112 157 192 84 46 40 3 159 139 137 91 126 77 143 200 101 107 49 39 117 127 176 164 149 72 134 30 29 12 131 28 168 36 2 182 187 142 104 90 57 136 4 193 38 37 58 147 5 54 185 96 68 141 196 146 44 15 50 22 71 97 62 14 138 94 81 24 186 184 169 47 120 10 61 102 155 194 53 85 151 166 42 109 129 132 56 145 

Inst_Index:111 	 City_Num:200 	 Concorde:21.160793 	 MCTS:21.155720 Improve:0.005073 	 Time:16.01 Seconds
Solution: 1 95 48 49 139 196 165 73 145 76 155 123 13 21 198 103 60 125 98 120 70 85 138 154 135 105 9 10 172 79 30 107 164 84 171 18 38 101 122 16 72 42 168 157 81 118 80 106 45 124 153 114 190 127 158 71 56 36 7 57 62 148 192 193 166 82 150 40 185 47 197 96 94 182 93 186 129 87 34 189 41 119 194 112 15 4 31 108 11 180 128 151 100 134 200 181 195 20 142 115 156 69 78 167 99 55 174 187 51 19 43 173 44 179 5 24 147 176 63 28 169 58 175 110 90 22 130 177 160 131 159 26 83 188 68 37 46 61 184 59 23 183 116 75 8 121 117 29 144 109 25 66 104 3 140 149 137 113 162 102 92 14 32 133 97 2 143 163 12 126 132 178 170 152 191 35 141 86 199 33 146 88 52 27 111 136 6 50 77 89 17 53 161 91 64 39 65 74 67 54 

Inst_Index:112 	 City_Num:200 	 Concorde:21.041607 	 MCTS:21.054206 Improve:-0.012599 	 Time:16.05 Seconds
Solution: 1 154 29 87 26 122 176 3 160 20 179 70 90 118 6 167 85 155 4 78 152 16 103 127 54 42 39 145 119 178 156 199 63 134 24 171 142 141 61 66 189 102 196 144 92 10 15 186 97 44 91 159 72 187 128 9 46 37 82 23 8 143 174 17 163 150 131 32 161 35 146 121 22 79 76 164 11 53 197 41 67 18 136 84 173 115 14 188 137 104 36 71 51 106 168 175 200 162 183 56 193 99 50 52 80 117 114 129 195 59 34 5 126 93 12 105 89 138 169 88 27 13 43 172 65 74 148 45 94 77 62 177 98 191 2 96 123 21 25 133 58 75 49 157 7 198 48 33 120 125 86 19 64 110 109 31 182 158 81 130 124 47 165 55 40 60 170 180 30 194 135 140 132 113 149 69 95 107 108 139 190 181 184 100 68 83 192 57 111 116 166 101 73 185 28 153 112 38 151 147 


Index_In_Batch: 27, Avg_Concorde_Distance: 21.354819 Avg_MCTS_Distance: 21.349054 Avg_Gap: -0.000278 Total_Time: 65.39 Seconds 
 Beat_Best_Known_Times: 2 Match_Best_Known_Times: 0 Miss_Best_Known_Times: 2 
