Number_of_Instances_In_Current_Batch: 4

Inst_Index:53 	 City_Num:200 	 Concorde:21.467755 	 MCTS:21.515794 Improve:-0.048039 	 Time:16.03 Seconds
Solution: 1 132 53 186 28 102 88 127 43 131 40 112 52 160 151 169 136 29 124 137 147 134 163 165 65 75 63 11 82 54 57 109 200 92 172 195 146 7 25 93 4 67 20 86 18 66 42 58 72 182 178 174 78 36 62 190 110 35 185 98 156 69 83 148 122 138 51 56 133 129 94 95 164 187 143 193 46 8 17 33 74 142 119 73 44 125 140 154 3 97 50 179 37 5 16 45 171 71 30 105 153 150 175 166 176 15 77 103 21 155 60 14 104 24 117 31 173 90 184 26 6 168 47 13 139 199 9 167 149 85 196 197 68 192 19 180 70 114 107 116 126 111 115 162 32 170 159 64 183 41 118 135 100 84 123 12 76 158 106 34 87 91 128 108 59 61 101 2 194 49 141 48 79 152 188 81 96 39 145 120 144 80 157 38 113 189 181 161 27 191 198 130 121 99 55 23 22 10 177 89 

Inst_Index:54 	 City_Num:200 	 Concorde:22.074044 	 MCTS:22.055771 Improve:0.018273 	 Time:16.06 Seconds
Solution: 1 29 82 11 69 63 176 47 123 99 70 141 157 50 107 12 174 125 65 161 42 53 66 198 143 79 154 5 121 158 6 9 91 162 24 30 194 132 31 10 80 7 87 14 191 54 39 18 115 131 77 38 19 61 3 170 95 199 43 137 119 52 73 189 168 145 88 72 101 136 86 187 62 169 183 147 8 28 179 126 34 177 186 200 159 89 188 133 25 106 26 15 74 171 140 84 48 32 138 17 41 85 92 172 129 108 150 164 55 128 90 165 102 178 60 135 111 21 142 104 98 81 124 57 184 83 75 148 68 117 180 56 192 116 45 58 120 112 16 71 122 27 20 139 185 96 144 97 33 76 193 181 46 156 190 127 182 105 109 51 40 196 59 149 64 94 49 13 160 163 2 130 118 134 151 22 197 175 155 23 37 167 152 114 110 153 103 93 166 35 173 78 195 100 113 4 36 44 67 146 

Inst_Index:55 	 City_Num:200 	 Concorde:21.682165 	 MCTS:21.673694 Improve:0.008471 	 Time:16.03 Seconds
Solution: 1 158 104 43 165 84 185 39 190 161 118 102 49 119 137 58 63 175 162 91 167 107 47 40 52 168 133 122 197 109 77 7 34 149 73 81 75 31 163 88 92 194 45 51 67 183 70 42 54 200 116 64 128 103 198 5 48 89 99 24 57 121 139 78 85 171 9 170 106 159 66 16 22 186 142 152 46 123 146 105 12 86 101 15 173 28 145 156 35 13 41 95 19 164 129 177 50 191 112 90 196 169 80 96 55 140 97 30 143 188 130 4 135 182 157 178 27 189 108 120 192 17 2 126 59 100 154 110 172 160 98 21 147 131 74 144 141 125 136 32 93 69 53 83 151 87 6 38 124 155 180 115 44 3 134 26 36 184 117 176 127 60 10 37 14 11 76 114 25 68 199 71 179 181 132 166 138 174 65 187 62 79 33 82 148 193 195 20 23 72 153 150 113 94 56 8 61 29 111 18 

Inst_Index:56 	 City_Num:200 	 Concorde:22.084235 	 MCTS:22.139711 Improve:-0.055475 	 Time:16.00 Seconds
Solution: 1 2 50 123 34 111 175 106 33 155 62 70 127 145 128 66 132 20 102 14 77 73 138 15 87 133 45 182 17 191 58 172 158 142 149 115 171 193 99 167 120 98 32 159 165 180 154 60 151 81 41 74 152 134 12 125 197 92 144 40 100 192 76 168 186 26 130 85 101 28 72 68 153 9 200 21 30 97 90 157 190 176 189 184 107 110 148 63 117 91 121 156 163 19 174 187 161 119 55 131 96 112 114 29 11 135 178 48 94 10 136 49 109 195 199 79 164 141 18 169 44 22 51 122 25 95 118 137 188 89 52 146 65 4 23 27 194 129 196 108 124 8 43 37 198 104 31 24 42 150 147 6 13 57 56 181 84 80 162 83 35 38 185 59 7 36 5 78 93 71 170 183 46 143 39 16 116 140 64 160 61 88 53 177 105 113 67 179 69 47 82 3 103 54 75 166 139 126 86 173 


Index_In_Batch: 13, Avg_Concorde_Distance: 21.827050 Avg_MCTS_Distance: 21.846242 Avg_Gap: 0.000883 Total_Time: 65.30 Seconds 
 Beat_Best_Known_Times: 2 Match_Best_Known_Times: 0 Miss_Best_Known_Times: 2 
