Number_of_Instances_In_Current_Batch: 4

Inst_Index:77 	 City_Num:200 	 Concorde:21.547660 	 MCTS:21.537871 Improve:0.009788 	 Time:16.02 Seconds
Solution: 1 81 146 19 143 112 164 188 155 38 157 11 109 82 198 58 84 124 184 149 14 34 7 138 159 5 183 80 199 180 50 96 166 122 103 186 197 30 85 59 27 53 141 65 97 75 161 3 91 114 132 144 185 98 42 51 135 191 165 6 105 169 173 116 32 25 151 66 190 17 28 46 2 21 52 55 99 142 60 47 128 189 43 121 133 187 88 4 10 137 23 125 108 162 172 76 139 40 153 22 117 148 54 115 177 170 83 171 192 127 72 111 163 176 107 126 195 20 175 57 8 48 94 193 67 152 104 74 45 167 101 119 29 93 200 130 118 129 86 168 147 174 39 179 196 69 18 61 87 41 37 90 113 73 26 49 123 156 31 134 131 71 89 92 178 181 35 56 154 160 70 140 36 100 79 120 150 95 158 24 194 13 15 16 136 33 12 77 64 78 102 145 110 62 63 44 68 9 106 182 

Inst_Index:78 	 City_Num:200 	 Concorde:22.703783 	 MCTS:22.711106 Improve:-0.007323 	 Time:16.11 Seconds
Solution: 1 119 184 88 72 160 93 133 175 71 35 95 150 124 196 90 126 11 69 36 98 30 10 185 44 29 117 97 24 65 197 131 157 22 153 39 146 2 84 53 7 115 159 79 87 194 141 62 66 145 31 21 27 127 138 57 89 132 46 16 136 182 186 48 105 140 56 118 5 104 155 78 198 109 8 54 174 41 100 96 168 178 6 59 134 130 81 63 183 52 154 121 151 18 171 167 3 120 83 73 26 51 170 123 164 92 61 112 188 80 15 111 191 76 60 37 68 128 149 176 139 195 169 179 82 86 143 148 172 33 94 4 64 152 14 142 180 34 32 166 85 17 13 55 125 45 9 103 173 38 113 199 70 122 43 99 101 129 25 114 47 144 200 23 75 19 49 77 116 20 192 91 177 135 42 181 108 163 102 165 187 107 158 162 74 193 28 106 147 189 137 110 67 12 40 50 156 161 58 190 

Inst_Index:79 	 City_Num:200 	 Concorde:21.076393 	 MCTS:21.091961 Improve:-0.015569 	 Time:16.08 Seconds
Solution: 1 195 185 120 92 69 60 110 51 157 138 5 106 10 29 54 153 163 137 188 122 42 67 147 133 183 81 132 80 86 91 194 2 113 93 160 35 143 123 149 17 112 198 140 193 26 191 177 76 25 49 152 18 59 21 70 196 47 15 100 31 154 8 34 39 94 156 95 150 97 58 87 172 189 184 199 84 20 139 53 158 28 23 107 159 33 162 174 45 98 170 61 109 182 180 74 89 125 7 78 55 181 131 37 190 14 72 64 127 22 90 65 83 62 48 104 116 142 63 128 57 151 68 115 144 16 187 13 3 85 141 186 145 71 169 32 101 73 119 136 56 27 124 130 173 46 179 114 88 126 96 108 11 200 77 38 135 102 192 4 75 117 134 121 164 168 111 6 105 118 36 30 166 197 103 79 178 44 41 129 19 176 52 24 171 40 161 82 155 66 99 9 165 50 43 148 146 175 12 167 

Inst_Index:80 	 City_Num:200 	 Concorde:22.034208 	 MCTS:22.005026 Improve:0.029182 	 Time:16.04 Seconds
Solution: 1 151 63 15 73 197 72 168 8 145 192 109 47 19 171 88 183 102 71 140 41 104 77 37 62 48 136 4 184 149 98 86 170 193 18 69 96 113 90 187 23 115 130 176 99 189 124 43 166 85 178 172 76 40 165 87 116 45 60 180 54 125 114 30 179 82 49 92 56 155 6 21 83 195 16 13 3 121 20 24 199 38 122 147 58 36 190 128 55 161 50 198 160 110 152 185 97 167 146 182 123 44 158 59 84 95 22 138 159 33 127 11 14 141 132 17 79 12 134 112 111 117 119 61 143 32 191 26 25 188 175 129 148 186 100 39 91 153 75 64 157 68 52 162 31 94 177 34 46 66 137 89 156 174 28 163 181 78 2 131 53 103 135 105 9 154 139 7 74 57 81 126 108 107 169 29 164 200 150 35 106 65 120 27 70 10 101 51 67 133 80 93 144 42 118 5 196 194 142 173 


Index_In_Batch: 19, Avg_Concorde_Distance: 21.840511 Avg_MCTS_Distance: 21.836491 Avg_Gap: -0.000179 Total_Time: 65.41 Seconds 
 Beat_Best_Known_Times: 2 Match_Best_Known_Times: 0 Miss_Best_Known_Times: 2 
