Number_of_Instances_In_Current_Batch: 4

Inst_Index:69 	 City_Num:200 	 Concorde:21.842093 	 MCTS:21.833901 Improve:0.008192 	 Time:16.02 Seconds
Solution: 1 81 37 6 131 8 159 164 101 97 34 73 59 190 99 61 125 20 25 179 39 139 41 117 144 145 11 84 137 70 151 87 56 68 74 163 168 71 67 111 75 169 132 127 157 7 122 158 3 55 69 102 112 149 178 60 80 155 33 21 40 184 5 197 14 92 91 171 46 147 58 199 24 27 30 98 188 19 78 72 65 77 10 18 109 183 28 51 130 49 136 200 113 86 181 23 129 90 180 141 36 31 119 150 133 47 198 152 196 38 174 176 13 35 185 116 105 63 160 167 134 85 187 153 177 95 191 110 100 57 156 16 83 64 89 52 22 17 192 94 165 121 189 126 66 135 193 166 128 9 48 120 29 2 107 26 161 115 182 142 12 195 175 54 42 15 32 53 186 138 96 173 118 104 4 106 162 154 140 79 148 123 44 43 62 108 146 88 45 114 124 93 172 170 50 76 82 194 103 143 

Inst_Index:70 	 City_Num:200 	 Concorde:21.492732 	 MCTS:21.504579 Improve:-0.011847 	 Time:16.02 Seconds
Solution: 1 19 151 136 37 169 109 95 167 24 146 197 11 108 39 117 118 170 76 200 190 149 63 124 52 10 60 173 132 105 160 102 128 51 134 44 87 43 152 84 65 154 176 138 4 56 23 195 48 14 187 9 27 22 94 193 194 59 53 73 104 83 34 47 36 68 55 66 137 114 165 129 25 145 111 155 159 150 113 15 153 82 38 99 100 142 164 93 72 112 50 171 110 20 180 62 75 70 67 41 168 186 80 148 12 58 79 183 182 127 130 98 42 8 143 7 77 177 29 61 196 49 103 30 121 115 189 199 191 158 178 90 184 17 16 161 133 157 179 126 86 57 32 92 5 54 26 166 18 40 106 120 116 28 140 139 2 156 13 122 81 85 78 21 131 74 35 198 162 172 64 71 6 88 188 89 174 135 119 97 163 192 101 91 45 181 141 123 107 125 69 144 3 175 185 96 31 33 147 46 

Inst_Index:71 	 City_Num:200 	 Concorde:21.366183 	 MCTS:21.354127 Improve:0.012055 	 Time:16.00 Seconds
Solution: 1 144 122 110 68 136 32 78 80 153 79 8 149 97 37 43 145 188 36 82 75 173 52 125 39 150 190 96 116 4 86 158 131 163 69 137 152 55 25 185 181 59 164 106 114 123 194 34 105 73 130 198 49 91 183 140 98 115 148 169 167 159 189 192 107 12 103 174 74 166 81 83 57 65 147 41 85 104 143 113 28 48 95 6 112 5 176 101 27 138 77 19 199 71 117 21 47 33 45 193 93 127 64 35 171 11 56 120 184 99 133 62 155 119 51 70 162 31 180 182 10 165 90 42 128 53 195 124 67 191 16 142 29 121 84 7 30 50 109 146 186 100 168 132 58 157 172 141 129 24 118 54 175 72 161 179 61 13 38 44 200 22 92 178 151 108 126 170 60 66 94 76 18 88 89 2 15 26 40 63 14 139 9 197 46 160 102 87 3 20 17 23 135 187 177 134 156 111 196 154 

Inst_Index:72 	 City_Num:200 	 Concorde:20.909865 	 MCTS:20.960549 Improve:-0.050684 	 Time:16.04 Seconds
Solution: 1 44 128 90 78 82 172 163 6 129 70 127 14 143 166 185 120 174 132 28 50 186 106 53 182 85 49 80 77 122 66 58 142 179 100 39 115 11 135 148 187 156 54 84 139 197 81 36 92 167 62 124 55 155 72 196 165 192 154 110 146 176 162 69 170 150 169 20 29 57 161 32 171 43 134 138 98 159 101 116 140 86 67 63 46 74 183 158 121 47 191 200 189 41 31 52 97 94 164 17 18 194 87 141 151 5 79 109 180 149 16 4 111 12 42 168 91 21 51 178 59 45 13 108 112 126 195 145 38 89 147 133 107 15 157 3 123 177 2 61 88 113 27 56 48 102 9 105 125 65 23 83 96 152 103 137 198 76 19 173 181 75 7 73 104 118 33 60 153 193 160 68 144 30 136 71 130 114 190 37 99 184 188 40 131 93 175 35 117 95 119 34 10 8 24 199 25 26 22 64 


Index_In_Batch: 17, Avg_Concorde_Distance: 21.402718 Avg_MCTS_Distance: 21.413289 Avg_Gap: 0.000509 Total_Time: 65.55 Seconds 
 Beat_Best_Known_Times: 2 Match_Best_Known_Times: 0 Miss_Best_Known_Times: 2 
