Number_of_Instances_In_Current_Batch: 4

Inst_Index:9 	 City_Num:200 	 Concorde:21.577234 	 MCTS:21.579257 Improve:-0.002023 	 Time:16.02 Seconds
Solution: 1 151 193 118 29 150 77 127 89 90 14 199 99 104 178 147 192 30 4 146 112 13 136 171 47 148 176 103 35 5 46 188 163 70 79 133 10 80 121 41 81 107 197 181 170 24 27 58 85 110 185 18 49 131 54 3 190 8 61 119 87 143 111 177 60 172 53 65 57 88 74 186 21 130 159 7 56 92 26 102 76 125 59 36 165 156 64 11 108 83 52 162 158 135 20 179 164 126 153 38 72 154 94 145 75 189 161 28 78 115 149 50 45 51 175 160 66 73 12 182 187 33 86 141 134 95 69 139 123 140 42 138 6 84 166 114 40 31 63 142 180 105 17 2 93 39 106 152 184 96 113 44 132 71 168 101 128 19 22 48 116 167 62 155 109 120 100 200 194 195 191 169 32 97 157 9 98 37 198 25 23 82 67 174 43 68 15 91 183 55 16 129 144 122 117 137 34 173 196 124 

Inst_Index:10 	 City_Num:200 	 Concorde:21.607234 	 MCTS:21.583543 Improve:0.023692 	 Time:16.07 Seconds
Solution: 1 54 195 64 14 177 35 141 100 90 107 7 137 128 186 164 79 180 59 46 116 53 86 31 43 196 91 184 27 18 162 39 66 117 123 22 171 190 75 93 24 102 200 77 103 179 69 154 105 36 70 178 175 21 44 106 191 51 113 83 32 133 110 119 129 124 78 161 111 126 74 189 62 159 80 145 115 188 127 55 155 114 50 138 41 165 30 193 89 130 33 148 181 118 82 158 88 140 2 45 67 194 87 131 183 20 125 65 146 42 12 150 168 10 96 176 61 76 49 122 23 99 156 81 136 182 157 147 92 166 16 167 135 120 56 160 134 109 152 13 8 94 112 40 199 34 72 101 17 28 104 173 9 197 73 60 52 98 48 37 149 187 198 68 143 174 139 47 151 172 3 85 57 19 192 144 26 153 185 170 6 15 163 29 38 5 97 4 58 25 11 63 132 108 121 169 95 142 71 84 

Inst_Index:11 	 City_Num:200 	 Concorde:21.820655 	 MCTS:21.830244 Improve:-0.009589 	 Time:16.02 Seconds
Solution: 1 172 158 12 18 24 109 5 62 156 96 13 142 61 74 28 187 145 174 19 21 152 93 102 122 123 117 154 36 87 114 181 33 85 60 99 25 147 164 171 161 192 176 27 81 197 17 52 184 129 140 148 108 72 169 43 157 86 58 195 92 182 138 49 149 40 126 68 180 178 78 67 101 2 97 200 150 165 79 69 166 53 50 116 183 4 20 118 65 151 119 153 194 128 179 186 16 31 175 37 191 77 42 57 30 113 80 115 105 11 177 162 84 163 56 107 35 71 196 38 139 168 167 41 185 89 144 173 76 23 110 143 15 130 159 46 44 133 91 34 141 47 51 124 63 189 100 73 48 160 45 137 22 120 54 26 66 103 132 104 3 95 112 136 90 75 193 146 121 125 170 55 188 29 9 198 14 6 135 155 98 64 94 131 106 88 59 134 70 39 83 190 111 32 7 8 10 82 127 199 

Inst_Index:12 	 City_Num:200 	 Concorde:21.932290 	 MCTS:21.905222 Improve:0.027068 	 Time:16.01 Seconds
Solution: 1 126 99 85 180 6 163 104 13 93 165 64 21 56 68 82 75 76 141 80 195 166 106 2 48 54 98 148 174 150 132 164 103 37 122 112 3 17 69 51 142 181 188 24 101 42 193 78 159 121 45 119 152 196 135 118 107 88 175 33 100 57 151 29 31 117 95 87 109 177 50 79 134 39 102 108 111 192 179 73 168 15 183 158 38 11 90 20 139 128 62 155 28 23 143 70 5 113 55 7 156 94 83 86 116 77 84 41 130 170 25 49 12 36 187 27 91 169 200 110 147 194 185 198 44 14 67 154 105 167 197 129 22 115 133 199 35 43 144 136 96 178 124 66 131 19 60 10 184 8 176 32 189 153 59 190 65 191 74 81 52 4 120 18 53 140 47 186 34 173 123 89 161 71 138 162 9 149 160 58 172 40 146 26 125 127 182 30 157 145 114 171 72 63 61 97 16 92 46 137 


Index_In_Batch: 2, Avg_Concorde_Distance: 21.734353 Avg_MCTS_Distance: 21.724566 Avg_Gap: -0.000449 Total_Time: 65.34 Seconds 
 Beat_Best_Known_Times: 2 Match_Best_Known_Times: 0 Miss_Best_Known_Times: 2 
