Number_of_Instances_In_Current_Batch: 4

Inst_Index:121 	 City_Num:200 	 Concorde:21.719465 	 MCTS:21.746262 Improve:-0.026797 	 Time:16.01 Seconds
Solution: 1 40 192 99 78 153 136 130 113 105 3 86 149 32 100 200 167 128 169 103 47 34 65 62 185 114 88 183 131 48 63 56 14 27 24 102 57 11 15 155 162 92 145 121 163 82 33 26 21 98 108 20 22 132 146 36 59 184 164 172 19 127 187 180 147 84 6 198 134 28 186 81 58 139 38 71 110 52 30 160 7 49 178 142 125 94 165 190 116 67 90 182 54 141 18 117 53 50 171 69 140 5 157 91 152 179 83 156 16 106 151 177 126 193 154 10 31 173 93 174 95 124 60 148 150 45 75 199 77 4 46 25 44 66 129 191 104 76 64 8 70 2 43 80 74 9 135 85 138 97 68 23 61 111 170 168 119 181 51 107 13 115 87 73 29 72 112 158 79 35 195 96 188 133 120 144 118 42 37 161 176 122 196 159 41 89 39 109 143 101 189 194 123 12 197 55 175 137 166 17 

Inst_Index:122 	 City_Num:200 	 Concorde:21.784563 	 MCTS:21.826950 Improve:-0.042386 	 Time:16.03 Seconds
Solution: 1 13 199 75 63 167 179 185 20 2 159 175 194 187 114 101 141 163 88 190 72 90 22 156 178 144 177 189 8 138 12 126 160 174 85 148 110 113 111 27 23 143 106 62 46 98 135 182 91 25 137 181 123 168 50 56 64 66 73 200 149 130 37 19 161 155 40 96 102 49 68 166 4 7 172 186 21 26 154 48 79 104 118 14 44 10 134 43 152 31 74 133 47 78 97 92 55 24 11 70 183 131 77 17 83 124 151 128 67 132 71 15 33 173 197 117 170 105 35 196 129 61 81 84 164 139 193 51 119 65 57 162 176 29 80 52 184 180 125 158 30 86 59 120 153 60 94 122 145 93 38 112 192 109 150 28 87 147 53 195 42 198 58 142 39 6 95 82 165 157 121 191 36 115 5 54 100 3 18 107 89 103 69 188 169 108 116 171 140 34 127 99 32 76 45 16 9 41 146 136 

Inst_Index:123 	 City_Num:200 	 Concorde:20.764947 	 MCTS:20.754578 Improve:0.010369 	 Time:16.05 Seconds
Solution: 1 95 184 162 111 75 25 196 50 109 115 57 145 116 52 154 82 157 122 172 120 65 183 146 143 170 84 61 152 187 71 56 39 26 47 104 94 140 137 174 156 7 142 41 44 24 11 178 198 29 85 185 108 87 181 23 68 79 62 139 141 159 191 163 18 86 171 197 55 20 63 158 90 105 133 103 148 136 6 188 69 147 177 144 51 77 153 168 118 165 117 21 106 17 45 189 76 5 121 192 127 27 88 10 73 100 54 33 43 89 40 112 114 22 19 97 37 48 14 78 101 16 129 12 169 160 126 128 119 70 83 125 98 150 58 36 194 32 161 9 155 66 124 190 180 4 193 92 131 123 15 67 53 167 182 38 49 96 3 173 60 59 107 176 34 164 30 80 175 74 42 149 81 151 28 200 186 179 134 35 130 135 195 132 102 113 13 91 99 31 72 46 199 110 138 93 166 8 64 2 

Inst_Index:124 	 City_Num:200 	 Concorde:21.287004 	 MCTS:21.263066 Improve:0.023939 	 Time:16.07 Seconds
Solution: 1 46 27 111 15 101 56 187 5 180 192 67 159 14 2 150 108 72 36 183 144 104 22 8 141 125 37 10 193 49 74 117 69 131 178 91 124 102 61 106 9 169 161 95 120 154 30 99 84 50 51 126 28 48 38 68 41 45 60 78 151 64 82 12 146 20 143 182 83 195 153 98 164 42 87 88 32 3 58 90 123 185 174 190 133 119 40 29 196 75 55 35 71 11 136 26 198 191 44 79 96 7 57 173 147 94 186 59 112 23 135 177 115 24 25 54 53 73 138 70 17 77 62 168 4 105 199 65 107 149 171 167 109 66 113 172 197 176 39 130 76 85 34 148 189 128 156 175 86 97 129 127 13 89 140 110 116 152 166 170 155 188 18 92 31 179 118 158 103 132 63 162 142 122 121 33 81 6 145 19 194 134 163 43 80 93 157 181 137 52 184 139 200 47 16 114 165 160 100 21 


Index_In_Batch: 30, Avg_Concorde_Distance: 21.388995 Avg_MCTS_Distance: 21.397714 Avg_Gap: 0.000389 Total_Time: 66.06 Seconds 
 Beat_Best_Known_Times: 2 Match_Best_Known_Times: 0 Miss_Best_Known_Times: 2 
